----------
0 1
0 2
1 3
2 4
2 5
2 6
3 7
7 8
7 9
----------
0 1
1 2
1 3
2 4
2 5
3 6
5 7
6 7
----------
0 1
1 2
1 3
2 4
3 5
4 6
4 7
5 8
5 7
----------
0 1
1 2
2 3
0 4
4 5
3 6
5 7
7 8
8 9
9 10
10 11
7 12
6 13
13 14
13 15
5 16
5 17
4 6
11 12
----------
0 1
----------
0 1
1 2
2 3
3 4
4 5
1 6
3 7
6 8
6 9
4 10
10 11
11 12
12 13
10 14
12 15
15 16
5 17
17 18
18 19
13 20
20 21
21 22
5 6
13 14
----------
0 1
0 6
0 8
1 7
1 10
2 3
2 4
2 8
3 7
4 5
5 9
5 6
----------
0 1
1 2
1 3
1 4
3 5
4 6
5 7
6 7
----------
0 1
1 2
1 3
3 4
4 5
4 6
0 7
0 8
6 9
9 10
10 11
11 12
9 13
12 14
11 15
15 16
16 17
17 18
17 19
19 20
20 21
21 22
22 23
23 24
24 25
25 26
26 27
27 28
28 29
29 30
30 31
31 32
6 7
12 13
----------
0 1
1 2
2 3
0 4
4 5
5 6
6 7
3 8
5 9
0 10
3 4
7 8
----------
0 1
1 2
2 3
3 4
0 5
5 6
6 7
7 8
7 9
9 10
9 11
11 12
10 13
11 14
13 15
15 16
16 17
16 18
18 19
18 20
20 21
20 22
19 23
23 24
24 25
25 26
25 27
27 28
28 29
28 30
30 31
29 32
32 33
31 34
34 35
34 36
36 37
37 38
37 39
39 40
38 41
41 42
40 43
43 44
43 45
46 47
45 48
48 49
49 50
47 51
52 53
52 54
52 55
2 56
56 57
56 58
56 59
60 61
60 62
60 63
51 64
64 65
64 66
64 67
0 68
68 69
52 70
1 71
49 72
72 73
60 74
50 75
4 5
12 13
22 23
31 32
40 41
46 48
50 51
69 70
70 71
73 74
74 75
----------
0 1
1 2
1 3
2 4
2 5
2 6
3 7
6 8
7 9
4 5
7 8
----------
0 1
0 2
0 3
1 4
2 5
2 6
2 7
4 8
4 9
4 10
----------
0 1
0 2
0 3
0 4
1 5
2 6
3 7
----------
0 1
1 2
2 3
3 4
0 5
1 6
4 5
----------
0 7
0 14
1 7
2 9
2 17
3 4
3 5
3 50
4 10
4 9
5 6
6 8
6 7
8 19
8 9
10 18
11 12
11 15
11 37
12 13
13 14
14 16
15 42
15 16
17 18
20 27
20 34
21 27
22 29
22 39
23 24
23 25
23 46
24 30
24 29
25 26
26 28
26 27
28 41
28 29
30 40
31 32
31 35
31 36
32 33
33 34
34 38
35 54
35 38
36 37
39 40
42 43
42 44
42 45
46 47
46 48
46 49
50 51
50 52
50 53
54 55
54 56
54 57
----------
0 1
1 2
2 3
3 4
0 5
2 6
6 7
6 8
3 9
9 10
10 11
11 12
12 13
13 14
10 15
11 16
16 17
16 18
4 5
14 15
----------
0 1
0 2
0 3
3 4
4 5
5 6
5 7
5 8
8 9
8 10
10 11
----------
0 1
1 2
2 3
3 4
0 5
2 6
6 7
3 8
0 9
4 10
4 5
7 8
----------
0 1
1 2
2 3
3 4
0 5
5 6
6 7
7 8
4 9
9 10
4 5
8 9
----------
0 1
0 2
0 3
1 4
1 5
2 6
3 7
5 6
4 7
----------
0 1
1 2
2 3
3 4
0 5
2 6
6 7
3 8
0 9
4 10
4 5
7 8
----------
0 1
1 2
1 3
3 4
2 5
2 6
0 7
2 8
8 9
7 10
4 5
5 6
6 7
----------
0 1
0 2
1 3
1 4
2 5
2 6
5 7
6 8
7 8
----------
0 1
1 2
2 3
0 4
2 5
2 6
3 7
7 8
4 9
8 10
3 4
5 6
8 9
----------
0 1
1 2
2 3
3 4
4 5
0 6
1 7
6 8
5 6
4 7
----------
0 1
1 2
1 3
2 4
2 5
3 6
4 7
5 8
6 9
7 10
4 6
8 10
----------
0 1
1 2
1 3
2 4
3 5
4 6
5 7
6 8
8 9
4 5
7 8
----------
0 1
1 2
2 3
3 4
0 5
0 6
6 7
5 8
8 9
4 10
4 5
7 8
----------
0 1
0 2
----------
0 1
1 2
2 3
0 4
4 6
6 7
7 8
8 9
5 10
9 11
5 12
8 13
1 14
14 16
15 17
18 19
19 20
19 21
21 22
15 23
15 24
18 25
25 27
27 28
28 29
29 30
30 31
27 32
3 4
5 6
9 12
15 16
18 24
31 32
----------
0 1
0 2
0 3
3 4
3 5
4 6
5 7
6 8
8 9
9 10
7 8
----------
0 1
0 2
0 3
1 4
1 5
1 6
2 7
----------
0 1
1 2
2 3
3 4
0 5
0 6
5 7
7 8
8 9
8 10
3 11
4 5
----------
0 1
1 2
0 4
2 5
1 6
0 7
4 8
4 9
2 10
2 11
3 4
3 5
3 6
----------
0 1
1 2
2 3
0 4
2 5
5 6
1 7
3 4
----------
9 10
10 12
13 14
14 15
15 16
16 17
13 18
0 20
1 22
8 23
7 24
24 25
25 26
7 27
2 28
3 29
29 31
3 32
6 33
5 34
34 36
5 37
4 38
10 39
19 40
18 41
17 42
19 43
44 45
44 46
9 47
45 48
11 49
26 50
35 51
30 52
21 53
1 54
3 55
5 56
7 57
1 58
21 59
46 60
60 61
60 62
60 63
45 64
64 65
64 66
64 67
13 68
68 69
68 70
68 71
15 72
72 73
72 74
72 75
11 12
17 18
21 22
23 24
26 27
28 29
30 31
30 32
33 34
35 36
35 37
20 39
23 40
19 41
42 43
46 47
47 49
48 49
33 50
38 51
38 52
28 53
20 58
58 59
----------
0 1
1 2
2 3
3 4
3 5
0 6
6 7
0 8
1 9
9 10
9 11
2 6
----------
0 1
0 2
1 3
2 4
2 5
3 6
3 7
4 8
4 9
5 10
5 11
6 12
7 13
9 14
9 15
11 16
12 17
14 18
17 19
18 20
19 21
20 22
20 23
21 24
22 25
23 26
24 27
24 28
25 29
27 30
28 31
29 32
30 33
32 34
33 35
34 36
34 37
35 38
35 39
35 40
36 41
37 42
41 43
43 44
44 45
45 46
46 47
46 48
47 49
48 50
49 51
49 52
51 53
51 54
52 55
11 15
13 17
26 29
31 33
42 43
50 52
----------
0 1
0 2
0 3
0 4
4 5
4 6
5 7
5 8
6 9
7 10
7 11
8 12
9 13
10 14
11 15
13 16
16 17
17 18
17 19
18 20
18 21
19 22
21 23
23 24
24 25
24 26
25 27
26 28
27 29
27 30
30 31
31 32
32 33
33 34
33 35
34 36
34 37
35 38
37 39
37 40
38 41
39 42
40 43
41 44
41 45
41 46
42 47
9 10
12 15
22 23
28 30
38 39
43 47
----------
0 1
1 2
2 3
3 4
0 5
4 6
6 7
7 8
7 9
6 10
----------
0 1
1 2
2 3
3 4
4 5
1 6
6 7
7 8
8 9
9 10
10 11
5 6
----------
0 1
0 2
1 3
1 4
1 5
2 6
2 7
----------
0 1
0 2
0 3
1 4
2 5
2 6
3 7
4 8
4 9
----------
0 1
0 2
0 3
0 4
4 5
4 6
5 7
6 8
7 9
7 10
8 11
8 10
----------
0 1
0 2
0 3
4 5
4 6
4 7
5 8
----------
0 1
0 5
0 6
1 2
1 10
2 3
3 4
3 15
4 14
4 5
5 9
6 7
7 8
8 9
10 11
10 12
10 13
15 16
16 17
17 18
17 22
18 19
19 20
19 23
20 21
20 54
21 22
23 24
23 25
23 26
27 28
27 32
27 33
28 29
28 37
29 30
30 31
30 42
31 41
31 32
32 36
33 34
34 35
35 36
37 38
37 39
37 40
42 43
43 44
44 45
44 49
45 46
46 47
46 50
47 48
47 55
48 49
50 51
50 52
50 53
54 55
56 57
56 65
57 58
57 59
57 60
58 63
59 61
60 67
61 62
63 64
65 66
67 68
----------
0 1
0 2
2 3
2 4
3 5
3 6
4 7
4 8
6 9
5 8
8 9
----------
0 1
1 2
1 3
2 4
2 5
3 6
4 7
4 8
5 9
6 10
6 7
8 9
----------
0 1
1 2
2 3
1 4
4 5
2 6
2 7
7 8
0 9
5 6
3 9
----------
0 1
0 2
----------
0 1
1 2
1 3
2 4
2 5
2 6
3 7
7 8
4 5
6 7
----------
0 1
1 2
1 3
2 4
3 5
4 6
4 5
----------
0 1
1 2
1 3
2 4
2 5
3 6
4 7
4 8
5 9
8 10
6 7
9 10
----------
0 1
1 2
2 3
3 4
0 5
3 6
6 7
6 8
3 9
9 10
10 11
4 5
----------
0 1
1 2
1 3
2 4
2 5
3 6
4 7
4 8
5 9
6 10
6 7
8 9
----------
0 1
0 2
0 3
0 4
4 5
4 6
5 7
5 8
6 9
7 10
7 11
8 12
9 13
10 14
11 15
13 16
16 17
17 18
17 19
18 20
19 21
20 22
22 23
23 24
23 25
24 26
25 27
26 28
28 29
29 30
30 31
31 32
31 33
32 34
32 35
33 36
35 37
35 38
36 39
37 40
38 41
39 42
39 43
39 44
40 45
9 10
12 15
21 22
27 28
36 37
41 45
----------
0 1
0 2
2 3
2 4
3 5
4 6
5 7
7 8
8 9
6 7
----------
0 1
1 2
2 3
0 4
1 5
5 6
6 7
7 8
8 9
5 10
8 11
10 12
7 13
3 14
14 15
15 16
4 17
17 18
18 19
19 20
19 21
21 22
22 23
23 24
24 25
25 26
26 27
27 28
28 29
29 30
30 31
31 32
32 33
33 34
34 35
35 36
36 37
33 38
3 4
9 10
37 38
----------
0 1
1 2
2 3
0 4
1 5
4 6
6 7
7 8
8 9
9 10
6 11
8 12
9 13
11 14
2 15
15 16
16 17
18 19
18 20
20 21
21 22
22 23
23 24
24 25
25 26
26 27
27 28
28 29
5 30
29 31
31 32
32 33
3 4
10 11
18 30
----------
0 1
0 2
1 3
1 4
1 5
2 6
----------
0 1
0 2
0 3
3 4
3 5
4 6
5 7
6 8
6 9
9 10
7 9
----------
0 1
1 2
2 3
3 4
0 5
3 6
6 7
7 8
4 9
9 10
8 11
4 5
8 9
----------
0 1
1 2
1 3
2 4
2 5
3 6
4 7
4 8
5 9
7 10
9 11
6 8
9 10
----------
0 1
1 2
2 3
3 4
0 5
0 6
1 7
7 8
8 9
5 10
4 5
----------
0 1
0 2
0 3
1 4
2 5
3 6
3 7
4 8
5 9
----------
0 1
1 2
1 3
2 4
2 5
3 6
4 7
4 8
5 9
7 10
6 7
8 9
----------
0 1
1 2
2 3
0 4
3 5
5 6
3 7
2 8
3 4
----------
0 1
1 2
1 3
2 4
3 5
4 5
----------
0 1
0 2
2 3
3 4
1 5
4 6
2 7
7 8
3 9
9 10
4 5
8 9
----------
1 2
1 3
1 4
1 5
1 6
7 8
8 9
8 10
----------
0 1
1 2
1 3
2 4
2 5
3 6
3 7
4 8
5 9
9 10
4 6
7 8
8 9
----------
0 1
0 3
0 18
1 5
2 3
2 5
3 15
4 6
4 7
4 14
4 5
8 9
8 13
9 10
9 14
10 11
11 12
11 20
12 13
13 19
15 16
16 17
17 18
----------
0 1
1 2
1 3
2 4
2 5
3 6
4 7
4 8
5 9
6 10
7 11
8 12
9 13
11 14
14 15
6 9
11 12
----------
0 1
0 2
0 3
1 4
1 5
2 6
2 7
----------
0 1
0 2
1 3
2 4
3 5
4 6
5 7
6 8
7 9
8 10
9 11
----------
0 1
1 2
2 3
3 4
0 5
0 6
5 7
4 8
8 9
1 10
4 5
----------
0 1
1 2
1 3
1 4
4 5
0 6
5 7
7 8
7 9
5 6
----------
0 1
0 2
1 3
1 4
2 5
2 6
5 7
6 8
6 9
7 10
7 9
----------
0 1
1 2
2 3
3 4
4 5
0 6
1 7
6 8
5 6
4 7
----------
0 1
0 2
1 3
1 4
1 5
2 6
2 7
6 8
7 9
8 10
9 10
----------
1 2
5 6
0 7
6 8
5 9
0 10
9 11
3 4
6 7
9 10
----------
0 1
0 2
2 3
2 4
3 5
3 6
4 7
6 8
7 9
8 10
7 8
----------
0 1
0 5
0 6
1 2
2 3
3 4
3 14
4 5
5 22
6 7
7 8
8 9
8 13
9 10
9 26
10 11
11 12
11 30
12 13
14 15
15 16
16 17
16 21
17 18
18 19
18 39
19 20
19 43
20 46
20 21
21 38
22 23
22 24
22 25
26 27
26 28
26 29
30 31
31 32
32 33
32 37
33 34
33 47
34 35
34 52
35 36
35 55
36 48
36 37
39 40
39 41
39 42
43 44
44 45
45 46
48 49
48 50
48 51
52 53
53 54
54 55
----------
0 1
0 5
1 2
1 9
2 3
3 4
3 7
4 6
4 5
7 8
----------
0 1
1 2
1 3
1 4
2 5
3 6
4 7
5 8
5 9
6 10
7 8
6 9
7 10
----------
0 1
1 2
1 3
3 4
2 5
0 6
6 7
0 8
8 9
2 10
----------
0 1
1 2
1 3
1 4
3 5
4 6
5 7
6 8
7 9
8 10
5 6
9 10
----------
0 1
0 2
0 3
0 4
1 5
1 6
----------
0 1
1 2
2 3
0 4
3 5
5 6
5 7
7 8
8 9
9 10
10 11
11 12
8 13
11 14
2 17
16 18
16 19
15 20
10 21
3 4
12 13
16 20
15 21
----------
0 1
0 2
0 3
3 4
3 5
5 6
6 7
6 8
8 9
----------
0 1
0 2
2 3
2 4
3 5
4 6
5 7
5 8
7 9
6 8
----------
0 1
0 2
0 3
1 4
1 5
2 6
3 7
5 8
4 6
7 8
----------
0 1
0 4
1 2
2 3
2 5
3 4
4 14
5 6
5 9
6 7
7 8
7 13
8 11
8 12
9 10
9 11
14 15
15 16
16 17
16 23
16 24
18 19
18 23
19 20
19 32
21 22
21 24
22 25
22 26
26 27
26 31
27 28
28 29
29 30
30 31
32 33
32 37
33 34
34 35
35 36
36 37
----------
0 1
1 2
1 3
3 4
3 5
5 6
6 7
6 8
----------
0 1
1 2
1 3
2 4
3 5
4 6
5 7
6 8
8 9
4 5
7 8
----------
0 1
0 2
0 3
3 4
3 5
4 6
4 7
5 8
5 9
6 10
7 11
10 12
10 13
11 14
11 15
13 16
14 17
15 18
16 19
16 20
17 21
17 22
18 23
20 24
21 25
21 26
22 27
23 28
24 29
24 30
26 31
26 32
27 33
28 34
30 35
30 36
32 37
34 38
36 39
38 40
39 41
40 42
41 43
41 44
42 45
44 46
45 47
46 48
46 49
47 50
49 51
50 52
51 53
51 54
52 55
54 56
55 57
56 58
56 59
57 60
59 61
59 62
60 63
62 64
9 10
27 32
60 62
----------
0 1
1 2
0 3
2 4
3 5
0 7
1 8
6 9
3 4
6 7
7 9
----------
0 1
0 2
0 3
0 4
1 5
4 6
4 7
5 8
6 9
7 10
9 11
10 11
----------
0 1
1 2
2 3
3 4
0 5
2 6
6 7
3 8
4 9
4 5
7 8
----------
0 1
1 2
1 3
2 4
3 5
4 6
4 5
----------
0 1
1 2
2 3
3 4
3 5
5 6
6 7
6 8
----------
14 15
16 17
17 18
15 19
15 20
14 21
21 22
19 23
24 25
25 26
26 27
24 28
28 30
29 31
31 32
27 33
1 34
34 35
35 36
1 37
12 38
12 39
39 40
38 41
2 42
3 43
43 44
44 45
3 46
11 47
10 48
48 49
49 50
10 51
6 52
52 53
5 54
4 55
5 56
7 57
57 58
8 59
8 60
0 61
13 62
9 63
1 64
12 65
10 66
22 67
36 68
45 69
50 70
41 71
3 72
5 73
6 74
74 75
8 76
26 78
14 79
79 80
79 81
79 82
18 83
83 84
83 85
83 86
24 87
87 88
87 89
87 90
32 91
91 92
91 93
91 94
18 19
16 20
22 23
29 30
32 33
28 33
36 37
40 41
42 43
45 46
47 48
50 51
53 54
54 55
52 56
58 59
57 60
34 61
39 62
59 63
61 67
42 68
55 69
63 70
47 71
7 74
62 78
----------
0 1
1 2
1 3
1 4
2 5
2 6
3 7
3 8
4 9
4 10
5 11
5 7
6 10
8 11
----------
0 1
1 2
1 3
1 4
3 5
3 6
4 7
7 8
6 7
----------
0 1
0 5
0 6
1 2
2 3
3 4
3 14
4 5
5 58
6 7
7 8
8 9
8 13
9 10
9 54
10 11
11 12
11 23
12 13
14 15
15 16
16 17
16 21
17 18
17 50
18 19
19 20
19 22
20 41
20 21
21 45
23 24
24 25
25 26
25 30
26 27
26 32
27 28
27 35
28 29
28 31
29 30
30 62
32 33
33 34
33 36
34 35
35 40
36 37
36 38
36 39
41 42
41 43
43 44
44 46
44 45
46 47
46 48
46 49
50 51
50 52
50 53
54 55
54 56
54 57
58 59
58 60
58 61
62 63
62 64
62 65
----------
0 1
1 2
2 3
3 4
4 5
0 6
6 7
5 8
8 9
9 10
10 11
----------
0 1
1 2
2 3
0 4
2 5
5 6
6 7
7 8
8 9
5 10
9 11
8 12
6 13
4 14
14 15
15 16
0 17
17 18
18 19
19 20
19 21
21 22
22 23
23 25
25 26
26 27
27 28
24 29
23 30
19 31
31 32
34 35
35 36
36 37
37 38
34 39
32 40
3 4
9 10
24 25
28 29
38 39
33 40
35 40
----------
0 1
1 2
2 3
3 4
4 5
2 6
3 7
----------
0 1
1 2
2 3
0 4
0 5
4 6
6 7
6 8
8 10
10 11
11 12
12 13
9 14
12 15
15 16
15 17
17 18
18 19
13 20
19 21
18 22
22 23
22 24
19 25
3 4
9 10
13 14
----------
0 1
1 2
2 3
3 4
4 5
1 6
3 7
6 8
6 9
5 10
4 11
11 12
12 13
13 14
11 15
13 16
16 17
14 18
10 19
5 6
14 15
----------
0 1
1 2
2 3
0 4
0 5
2 6
6 7
7 8
2 9
0 10
3 4
8 9
----------
0 1
1 2
2 3
3 4
0 5
0 6
0 7
7 8
8 9
9 10
5 11
4 5
----------
0 1
1 2
1 3
2 4
2 5
3 6
3 7
5 8
7 8
----------
0 1
0 2
2 3
2 4
3 5
3 6
4 7
6 7
----------
0 1
0 2
0 3
0 4
4 5
3 6
3 7
7 8
5 6
----------
0 1
1 2
1 3
3 4
3 5
3 6
0 7
7 8
7 9
0 10
6 7
----------
0 1
1 2
2 3
0 4
0 5
1 6
6 7
2 8
3 9
3 10
9 11
3 4
7 8
----------
0 1
0 2
0 3
1 4
2 5
3 6
3 7
4 8
6 9
7 10
9 11
10 11
----------
0 1
1 2
0 3
0 4
1 5
2 6
3 7
2 8
8 9
9 10
9 11
2 3
4 5
5 6
6 7
4 7
----------
0 1
1 2
2 3
0 4
1 5
5 6
0 7
2 8
5 9
3 4
6 7
6 8
----------
0 1
1 2
2 3
3 4
4 5
1 6
3 7
4 8
8 9
9 10
10 11
8 12
10 13
13 14
5 6
11 12
----------
0 1
0 2
0 3
1 4
----------
0 1
1 2
2 3
3 4
4 5
5 6
6 7
3 8
8 9
9 10
10 11
----------
0 1
0 2
0 3
3 4
1 5
5 6
5 7
1 8
2 9
9 10
8 11
1 2
----------
0 1
1 2
2 3
1 4
4 5
4 6
6 7
0 8
8 9
9 10
6 8
----------
0 1
0 2
1 3
1 4
1 5
2 6
----------
0 1
0 2
0 3
0 4
0 5
0 6
----------
0 1
0 2
1 3
2 4
2 5
3 6
3 7
4 8
5 9
6 10
6 11
7 12
8 13
8 14
9 15
11 16
13 17
13 18
13 19
14 20
15 21
15 22
16 23
23 24
24 25
25 26
25 27
26 28
26 29
27 30
27 31
29 32
29 33
31 34
32 35
35 36
36 37
36 38
37 39
38 40
39 41
41 42
42 43
42 44
9 14
12 16
31 33
40 41
----------
0 1
1 2
2 3
3 4
0 5
1 6
2 7
4 8
5 9
9 10
10 11
11 12
9 13
12 14
14 15
15 16
11 17
17 18
18 19
19 20
19 21
21 22
21 23
23 24
24 25
25 26
26 27
27 28
28 29
29 30
30 31
31 32
32 33
33 34
4 5
12 13
----------
0 1
1 2
2 3
2 4
0 5
0 6
5 7
4 5
----------
0 1
1 2
0 3
3 4
2 5
0 6
6 7
1 8
3 5
----------
0 1
1 2
2 3
0 4
4 5
5 6
0 7
6 8
2 9
3 4
6 7
----------
0 1
0 2
2 3
2 4
3 5
4 6
5 7
5 8
6 9
8 10
6 8
----------
0 1
0 2
1 3
1 4
1 5
2 6
2 7
----------
0 1
1 2
2 3
3 4
3 5
5 6
1 7
6 8
8 9
8 10
8 11
6 7
----------
0 1
0 2
2 3
3 4
3 5
2 6
6 7
6 8
1 2
----------
0 1
0 2
0 3
1 4
2 5
3 6
4 7
5 8
6 9
7 10
8 10
9 10
----------
0 1
1 2
2 3
0 5
5 6
3 7
2 8
1 9
3 10
3 11
4 5
4 7
7 8
----------
0 1
0 2
0 3
0 4
4 5
4 6
5 7
5 8
6 9
7 10
7 11
8 12
9 13
10 14
11 15
11 16
13 17
13 18
13 19
16 20
20 21
21 22
22 23
22 24
23 25
23 26
24 27
25 28
26 29
29 30
30 31
30 32
31 33
32 34
33 35
33 36
35 37
36 38
38 39
39 40
40 41
40 42
41 43
41 44
42 45
44 46
44 47
46 48
47 49
47 50
48 51
48 52
50 53
51 54
51 55
51 56
53 57
53 58
53 59
9 10
12 16
27 29
34 36
45 46
50 52
----------
0 1
1 2
2 3
3 4
4 5
1 6
3 7
6 8
4 9
9 10
10 11
11 12
9 13
11 14
14 15
6 16
5 17
17 18
18 19
12 20
20 21
21 22
5 6
12 13
----------
0 1
1 2
2 3
3 4
0 5
5 6
6 7
7 8
0 9
6 10
10 11
11 12
7 13
10 14
14 15
15 16
12 17
8 18
18 19
19 20
9 21
20 22
18 23
3 24
3 25
19 26
4 5
8 9
12 13
20 21
----------
1 2
1 3
4 6
6 7
6 8
0 10
1 10
6 10
----------
2 3
0 4
1 5
0 6
1 7
5 8
3 9
9 10
3 4
4 5
1 6
----------
0 1
1 2
2 3
3 4
0 5
4 6
6 7
6 8
2 9
4 5
----------
0 1
1 2
2 3
3 4
0 5
5 6
6 7
7 8
4 9
3 10
4 5
8 9
----------
0 1
1 2
1 3
2 4
2 5
3 6
4 7
4 8
5 9
6 10
6 7
8 9
----------
0 1
0 2
1 3
2 4
2 5
4 6
5 7
6 8
7 9
8 9
----------
0 1
1 2
1 3
2 4
2 5
3 6
4 7
4 8
5 9
7 10
9 11
6 8
9 10
----------
0 1
1 2
2 3
3 4
3 5
2 6
6 7
0 8
6 9
9 10
9 11
9 12
12 13
13 14
14 15
15 16
12 17
15 18
7 8
16 17
----------
0 1
1 2
2 3
3 4
0 5
2 6
4 7
7 8
8 9
5 10
5 11
10 12
12 13
13 14
9 15
12 16
14 17
14 18
18 19
15 20
18 21
21 22
21 23
24 25
25 26
27 28
28 29
29 30
30 31
27 32
28 33
30 34
31 35
27 36
36 37
24 38
38 39
36 40
23 41
4 5
9 10
14 15
19 20
31 32
37 38
39 40
39 41
----------
0 1
1 2
2 3
3 4
0 5
3 6
6 7
4 8
6 9
9 10
7 11
4 5
7 8
10 11
----------
0 1
1 2
2 3
3 4
4 5
0 6
1 7
2 8
8 9
3 10
5 6
9 10
----------
0 1
1 2
2 3
3 4
4 5
2 6
6 7
0 8
7 9
9 10
9 11
9 12
3 13
13 14
5 15
5 16
16 17
17 18
17 19
19 20
20 21
21 22
19 23
21 24
24 25
25 26
25 27
27 28
28 29
29 30
27 31
29 32
33 34
34 35
35 36
36 37
37 38
35 39
39 40
33 41
40 42
42 43
42 44
42 45
36 46
46 47
38 48
38 49
49 50
50 51
50 52
52 53
53 54
54 55
52 56
54 57
57 58
58 59
58 60
60 61
61 62
62 63
60 64
62 65
32 66
66 67
23 68
31 69
64 70
56 71
13 72
46 73
13 74
46 75
7 8
6 15
22 23
30 31
40 41
39 48
55 56
63 64
65 66
----------
0 1
1 2
1 3
1 4
2 5
2 6
3 7
5 8
5 9
5 10
6 11
6 12
7 13
10 14
11 15
12 16
13 17
16 18
17 19
17 20
18 21
18 22
21 23
23 24
24 25
25 26
26 27
27 28
28 29
29 30
30 31
30 32
3 4
8 9
12 14
----------
0 1
0 5
0 13
1 2
1 15
2 3
2 20
3 4
4 12
4 5
6 8
6 11
6 14
7 9
7 17
7 8
8 16
9 10
10 11
10 12
17 18
17 19
20 21
20 22
----------
0 1
0 18
1 2
1 5
2 3
2 9
3 4
3 8
4 6
4 10
5 7
5 10
8 17
9 11
11 12
11 16
12 13
13 14
14 15
15 16
18 19
19 20
20 21
21 22
22 23
22 27
23 24
24 25
25 26
26 27
----------
0 1
0 2
1 3
2 4
2 5
2 6
3 7
7 8
8 9
9 10
10 11
----------
0 1
0 2
1 3
2 4
3 5
3 6
4 7
7 8
----------
0 1
0 2
1 3
2 4
2 5
4 6
5 7
6 8
6 9
9 10
7 9
----------
0 1
0 2
2 3
1 4
4 5
4 7
1 8
2 9
6 7
8 9
----------
0 1
1 2
2 3
3 4
0 5
4 6
6 7
7 8
3 9
2 10
9 11
7 12
6 13
13 14
13 15
15 16
16 17
14 18
14 19
19 20
20 21
20 22
18 23
23 24
17 25
0 26
27 28
28 29
29 30
30 31
27 32
31 33
33 34
34 35
30 36
29 37
36 38
34 39
33 40
40 41
40 42
16 43
43 44
41 45
41 46
46 47
47 48
47 49
45 50
50 51
44 52
27 53
51 54
24 55
4 5
8 9
17 18
22 23
31 32
35 36
42 43
44 45
49 50
----------
0 1
1 2
1 3
2 4
2 5
3 6
3 7
4 8
5 9
4 7
8 9
----------
0 1
1 2
2 3
0 4
1 5
5 6
5 7
7 8
8 9
9 10
10 11
11 12
8 13
11 14
2 15
12 16
16 17
16 18
18 19
19 20
20 21
20 22
3 4
12 13
21 22
----------
0 1
0 2
2 3
2 4
3 5
3 6
4 7
4 8
6 9
9 10
8 9
----------
0 1
1 2
1 3
2 4
3 5
3 6
4 7
4 8
7 9
8 10
9 11
6 7
10 11
----------
0 1
1 2
3 4
4 5
1 6
0 7
0 8
3 6
----------
0 1
1 2
1 3
2 4
3 5
4 6
4 7
6 8
7 9
8 10
9 11
5 6
9 10
----------
0 1
1 2
1 3
2 4
2 5
3 6
4 7
4 8
5 9
8 10
6 7
9 10
----------
0 1
1 2
2 3
3 4
0 5
4 6
6 7
7 8
8 9
6 10
3 11
7 12
12 13
11 14
14 15
15 16
14 17
17 18
18 19
19 20
19 21
4 5
9 10
12 14
----------
0 1
1 2
2 3
3 4
0 5
0 6
1 7
7 8
8 9
9 10
10 11
4 5
----------
0 1
1 2
1 3
2 4
2 5
3 6
4 7
4 8
5 9
6 10
8 11
6 7
8 9
----------
0 1
1 2
2 3
0 4
0 5
4 6
3 7
6 8
8 9
1 10
10 11
3 4
7 8
----------
0 1
0 5
1 2
2 3
2 19
3 4
3 6
4 5
6 7
7 8
7 9
8 10
10 11
11 12
12 13
13 14
13 18
14 15
15 16
16 17
17 18
19 20
19 21
21 22
22 23
22 27
23 24
24 25
25 26
25 28
26 27
28 29
28 30
28 31
31 32
32 33
32 34
----------
0 1
0 2
0 3
0 4
1 5
1 6
2 7
2 8
----------
0 1
1 2
2 3
2 4
2 5
0 6
0 7
6 8
6 9
5 6
----------
0 1
0 2
0 3
1 4
2 5
2 6
4 7
4 8
7 9
7 10
----------
0 1
0 2
2 3
2 4
3 5
3 6
4 7
6 8
8 9
7 8
----------
0 1
1 2
2 3
3 4
0 5
2 6
1 7
7 8
7 9
4 5
----------
0 1
0 2
2 3
3 4
0 5
5 6
4 7
4 5
----------
0 1
1 2
1 3
2 4
2 5
3 6
4 7
4 8
5 9
9 10
6 8
7 9
----------
0 1
1 2
2 3
3 4
0 5
0 6
5 7
6 8
8 9
4 10
10 11
11 12
7 13
11 14
15 16
12 17
15 18
14 19
4 5
7 8
12 13
15 19
----------
0 1
1 2
0 3
0 4
3 5
2 6
1 7
1 9
2 10
8 11
2 3
4 5
5 6
6 7
4 7
9 11
10 11
----------
0 1
1 2
1 3
2 4
2 5
3 6
4 7
5 8
4 6
7 8
----------
0 1
0 2
1 3
1 4
2 5
2 6
3 7
3 8
3 9
5 10
10 11
----------
0 1
1 2
1 3
2 4
2 5
2 6
3 7
4 8
5 6
4 7
----------
0 1
1 2
1 3
3 4
4 8
5 6
5 9
6 7
8 9
----------
0 1
1 2
1 3
3 4
3 5
5 6
5 7
7 8
6 9
7 10
----------
0 1
1 2
2 3
0 4
5 6
6 7
5 9
1 10
10 11
5 12
2 13
14 15
14 16
16 17
17 18
17 19
7 20
20 21
21 22
7 23
3 4
8 9
10 12
8 20
14 23
----------
0 1
1 2
1 3
2 4
2 5
3 6
5 7
6 8
7 9
6 7
----------
0 1
1 2
2 3
3 4
0 5
5 6
6 7
7 8
8 9
4 10
7 11
4 5
9 10
----------
0 1
0 2
2 3
2 4
3 5
3 6
4 7
4 8
6 8
----------
0 1
1 2
2 3
2 4
4 5
5 6
6 7
----------
0 1
0 5
1 2
2 3
3 4
4 6
4 5
5 17
6 7
6 9
8 10
8 11
8 9
10 14
10 16
11 12
11 13
14 15
----------
0 1
1 2
0 3
3 4
4 5
5 6
6 7
2 8
8 9
9 10
----------
0 1
1 2
2 5
2 6
3 7
4 8
6 9
5 7
8 9
----------
0 1
1 2
2 3
3 4
0 5
0 6
2 7
7 8
4 9
5 10
9 11
4 5
10 11
----------
0 1
1 2
1 3
2 4
3 5
4 6
4 7
6 8
7 9
8 10
5 6
9 10
----------
0 1
1 2
1 3
2 4
2 5
3 6
4 7
5 8
7 9
4 6
8 9
----------
0 1
0 4
1 2
2 3
3 4
4 5
5 6
5 10
7 8
7 9
7 10
----------
0 1
1 2
1 3
2 4
2 5
3 6
4 7
4 8
5 9
6 10
6 7
8 9
----------
0 1
0 2
1 3
1 4
1 5
2 6
2 7
6 8
----------
0 1
1 2
2 3
3 4
0 5
3 6
4 7
7 8
8 9
8 10
4 5
----------
0 1
1 2
2 3
3 4
0 5
2 6
4 7
4 5
----------
0 1
1 2
1 3
2 4
2 5
3 6
5 7
5 8
7 9
7 10
8 11
4 6
10 11
----------
0 1
0 6
0 7
1 2
1 10
2 3
2 11
3 4
3 8
4 5
4 7
8 9
10 18
11 12
12 13
12 17
13 14
14 15
15 16
16 17
18 19
19 20
20 21
21 22
----------
0 1
1 2
2 3
3 4
4 5
4 6
6 7
7 8
8 9
----------
0 1
1 2
2 3
0 4
0 5
5 6
3 4
----------
0 1
1 2
2 3
0 4
4 5
5 6
6 7
7 8
7 9
6 10
3 11
3 4
10 11
----------
0 1
1 2
1 3
2 4
3 5
4 6
4 7
6 8
7 9
8 10
4 5
8 9
----------
0 1
1 2
1 3
2 4
2 5
3 6
3 7
4 8
8 9
5 6
7 8
----------
0 1
0 2
0 3
1 4
1 5
2 6
2 7
----------
0 1
1 2
1 3
2 4
2 5
3 6
4 7
7 8
7 9
3 4
5 7
----------
0 1
0 2
2 3
2 4
3 5
3 6
4 7
4 8
6 9
8 9
----------
0 1
0 2
2 3
2 4
3 5
3 6
4 7
6 8
8 9
7 8
----------
0 1
0 7
1 2
1 6
2 3
3 4
4 5
5 6
7 8
7 9
----------
0 1
0 2
1 3
2 4
2 5
4 6
4 7
5 8
7 9
8 10
6 8
9 10
----------
0 1
1 2
2 3
0 4
3 5
5 6
6 7
7 8
8 9
5 10
6 11
8 12
9 13
9 14
10 15
1 16
16 17
15 18
3 4
9 10
----------
0 1
0 2
0 3
0 4
1 5
1 6
1 7
2 8
2 9
5 10
5 11
----------
0 1
0 2
1 3
1 4
2 5
3 6
3 7
5 8
5 9
5 10
----------
0 1
1 2
2 3
3 4
4 5
5 6
6 7
7 8
8 9
9 10
0 11
10 11
----------
0 1
0 2
0 3
0 9
0 10
4 8
4 5
5 6
6 7
7 8
----------
0 1
1 2
2 3
0 4
2 5
5 6
6 7
7 8
8 9
5 10
9 11
8 12
6 13
4 14
14 15
15 16
0 17
17 18
18 19
19 20
19 21
19 22
21 23
23 24
24 25
22 26
28 29
29 30
28 31
30 32
24 33
33 34
34 35
33 36
35 37
26 38
3 4
9 10
31 32
36 37
27 38
28 38
----------
0 1
1 2
2 3
3 4
0 5
0 6
6 7
4 5
----------
0 1
1 2
2 3
3 4
1 5
2 6
2 7
7 8
8 9
9 10
10 11
4 5
----------
0 1
0 2
2 3
2 4
3 5
4 6
5 7
6 7
----------
0 1
0 5
0 6
1 2
2 3
3 4
3 14
4 5
5 27
6 7
7 8
8 9
8 13
9 10
9 31
10 11
11 12
11 35
12 13
14 15
15 16
16 17
16 21
17 18
17 22
18 19
19 20
19 23
20 21
21 24
22 25
22 26
27 28
27 29
27 30
31 32
31 33
31 34
35 36
36 37
37 38
37 42
38 39
38 43
39 40
40 41
40 47
41 42
42 44
44 45
44 46
----------
0 1
1 2
2 3
3 4
0 5
4 6
3 7
2 8
1 9
4 5
----------
0 1
0 2
2 3
2 4
4 5
4 6
4 7
3 8
3 9
1 2
----------
0 1
1 2
1 3
2 4
3 5
4 6
4 7
6 8
7 9
8 10
5 6
9 10
----------
0 1
1 2
2 3
0 4
4 5
5 6
5 7
6 8
6 9
8 10
3 4
----------
0 1
0 2
2 3
1 4
3 5
5 6
4 7
0 8
3 4
6 7
----------
1 3
0 4
2 5
0 6
5 7
3 8
3 4
4 5
6 7
----------
0 1
0 2
0 3
1 4
1 5
3 6
3 7
6 8
7 9
8 9
----------
0 1
0 5
1 2
1 70
2 3
3 4
4 6
4 5
6 7
7 8
8 9
8 13
9 10
9 14
10 11
11 12
11 15
12 13
13 67
15 16
15 17
16 32
17 18
17 22
18 19
19 20
19 23
20 21
20 24
21 61
21 22
24 25
25 26
26 27
26 31
27 28
28 29
29 30
29 64
30 31
32 33
33 34
34 35
34 39
35 36
36 37
36 40
37 38
37 43
37 51
38 39
40 41
41 42
42 44
42 43
43 47
44 45
44 48
45 46
45 50
45 52
46 47
48 49
49 50
50 53
53 59
53 60
54 55
54 59
55 56
56 57
56 58
61 62
61 63
64 65
64 66
67 68
67 69
70 71
70 72
----------
0 1
0 2
2 3
2 4
3 5
3 6
4 7
4 8
5 9
6 10
7 11
8 10
----------
0 1
0 2
0 3
0 4
1 5
1 6
2 7
2 8
3 9
----------
0 1
1 2
2 3
0 4
0 5
5 6
1 7
3 8
8 9
8 10
3 4
----------
0 1
1 2
2 3
3 4
0 5
4 6
5 7
7 8
7 9
9 10
8 11
4 5
----------
0 1
1 2
2 3
1 4
3 5
0 6
2 7
4 8
7 9
6 10
4 5
3 6
7 8
----------
0 2
1 3
3 4
4 5
1 6
0 7
7 8
7 9
7 10
1 2
----------
0 1
1 2
1 3
3 4
4 5
4 6
6 7
6 8
----------
0 1
1 2
1 3
2 4
2 5
3 6
4 7
4 8
5 9
6 10
6 7
8 9
----------
0 1
1 2
2 3
3 4
4 5
5 6
6 7
6 8
----------
0 1
1 2
2 3
3 4
4 5
5 6
6 7
3 8
7 9
9 10
10 11
----------
0 1
0 5
1 2
1 6
2 3
2 8
3 4
4 68
4 5
6 7
7 9
7 8
9 10
9 14
10 11
11 12
11 60
12 13
12 15
13 14
15 16
16 17
17 18
17 22
18 19
19 20
20 21
20 27
21 22
22 23
23 24
23 25
23 26
27 28
28 29
29 30
29 34
30 31
31 32
32 33
32 39
33 35
33 34
35 36
35 37
35 38
39 40
40 41
41 42
41 46
42 43
42 64
43 44
44 45
44 47
45 46
47 48
47 51
48 49
49 50
49 52
50 55
50 51
52 53
53 54
53 56
54 55
56 57
56 58
56 59
60 61
60 62
60 63
64 65
64 66
64 67
68 69
68 70
68 71
----------
0 1
0 2
0 3
1 4
2 5
4 6
6 7
7 8
----------
0 1
1 2
2 3
3 4
0 5
3 6
5 7
1 8
0 9
9 10
4 5
----------
0 1
0 2
0 3
3 4
4 5
5 6
6 7
3 8
0 9
9 10
10 11
7 8
----------
0 1
1 2
2 3
3 4
0 5
3 6
6 7
4 8
7 9
9 10
8 11
9 12
11 13
13 14
14 15
15 16
16 17
13 18
18 19
14 20
4 5
7 8
10 11
17 18
----------
0 1
2 3
3 4
0 5
0 6
6 7
2 5
----------
0 1
1 2
1 3
2 4
3 5
4 6
5 7
6 8
8 9
4 5
7 8
----------
0 1
1 2
2 3
3 4
0 5
1 6
3 7
0 8
8 9
9 10
9 11
4 5
6 7
----------
0 1
1 2
2 3
3 4
0 5
0 6
3 7
4 5
----------
0 1
1 2
0 3
0 4
4 5
1 6
6 7
6 8
2 3
----------
0 1
1 2
2 3
3 4
0 5
4 6
6 7
3 8
8 9
9 10
7 11
12 13
12 14
13 15
15 16
16 17
9 18
17 19
4 5
7 8
10 11
17 18
12 18
----------
0 1
0 2
2 3
2 4
3 5
3 6
4 7
6 8
8 9
7 8
----------
0 1
1 2
1 3
2 4
2 5
3 6
4 7
4 8
5 9
6 10
6 7
8 9
----------
0 1
0 2
2 3
2 4
3 5
4 6
5 7
7 8
6 7
----------
0 1
1 2
1 3
1 4
3 5
4 6
5 7
5 8
5 9
6 10
6 11
6 9
----------
0 1
0 2
1 3
1 4
2 5
2 6
5 7
6 8
7 9
8 9
----------
0 1
1 2
2 3
3 4
0 5
0 6
6 7
1 8
5 9
3 10
4 5
----------
0 1
1 2
2 3
3 4
3 5
0 6
0 7
1 8
8 9
9 10
9 11
3 6
----------
0 1
0 5
1 2
1 11
2 3
2 14
3 4
3 6
4 9
4 5
5 45
6 7
7 8
7 10
8 9
9 47
11 12
12 13
12 26
12 27
13 37
13 14
14 24
15 16
15 20
15 21
15 23
16 17
17 18
18 19
18 43
18 21
19 22
19 20
21 41
21 42
23 25
23 24
28 29
28 33
28 34
28 36
29 30
30 31
31 32
31 44
31 34
32 35
32 33
34 39
34 40
36 38
36 37
45 46
----------
0 1
1 2
2 3
3 4
0 5
2 6
6 7
0 8
3 9
4 5
7 9
----------
0 1
1 2
1 3
2 4
2 5
3 6
3 7
5 8
7 8
----------
0 1
1 2
1 3
0 4
3 5
----------
0 1
0 2
1 3
1 4
2 5
----------
0 1
1 2
2 3
3 4
0 5
5 6
6 7
7 8
8 9
9 10
10 11
4 5
----------
0 1
1 2
1 3
3 4
4 5
3 6
6 7
----------
0 1
1 2
2 3
0 4
4 5
5 6
6 7
7 8
3 9
5 10
10 11
11 12
6 13
12 14
14 15
15 16
15 17
12 18
18 19
18 20
10 21
5 22
3 23
2 24
1 25
8 26
26 27
3 4
8 9
12 13
13 18
----------
0 1
1 2
1 3
2 4
3 5
4 6
5 7
6 8
7 9
4 5
8 9
----------
0 1
0 5
0 18
1 2
1 17
2 3
3 4
3 6
4 26
4 5
5 19
6 7
6 12
7 15
7 25
8 9
8 22
8 25
9 10
10 11
10 16
11 26
12 13
13 14
14 20
14 21
14 15
22 23
23 24
25 26
----------
0 1
0 2
0 3
1 4
3 5
3 6
3 7
5 8
5 9
6 10
7 11
8 12
9 13
10 14
10 15
11 16
12 17
12 18
13 19
14 20
16 21
17 22
18 23
6 8
9 11
19 21
22 23
----------
0 1
1 2
1 3
1 4
3 5
3 6
4 7
7 8
6 7
----------
0 1
1 2
2 3
0 4
2 5
4 6
1 7
7 8
7 9
3 4
----------
0 1
1 2
1 3
3 4
4 5
4 6
----------
0 1
0 2
0 3
4 5
4 6
4 7
4 8
----------
0 1
1 2
2 3
0 4
1 5
5 6
5 7
7 8
8 9
9 10
9 11
3 4
----------
0 1
0 5
0 33
1 2
1 6
2 3
3 4
3 7
4 5
5 23
7 8
7 9
8 16
9 10
9 14
10 11
11 12
11 15
12 13
12 27
13 19
13 14
16 17
17 18
18 29
19 20
19 21
21 22
23 24
23 25
25 26
27 28
29 30
29 31
31 32
33 34
----------
0 1
0 2
2 3
2 4
3 5
3 6
4 7
6 8
6 9
9 10
10 11
7 9
----------
0 1
1 2
2 3
3 4
0 5
3 6
1 7
5 8
8 9
4 5
----------
0 1
0 2
0 3
3 4
3 5
4 6
5 7
6 8
6 9
8 10
7 9
----------
0 1
0 2
0 3
1 4
1 5
3 6
3 7
6 8
7 9
8 10
9 10
----------
0 1
1 2
1 3
2 4
2 5
3 6
4 7
5 8
5 9
6 10
4 6
7 9
----------
0 1
0 5
1 2
2 3
3 4
3 6
4 8
4 5
5 9
6 7
7 8
----------
0 1
0 2
1 3
1 4
2 5
2 6
5 7
6 8
7 9
8 9
----------
0 1
1 2
2 3
0 4
4 5
3 6
6 7
6 8
8 9
9 10
10 11
11 12
12 13
9 14
13 15
15 16
16 17
12 18
17 19
19 20
19 21
19 22
3 4
13 14
----------
0 1
1 2
2 3
3 4
0 5
5 6
3 7
1 8
1 9
4 5
----------
0 2
1 3
0 4
4 5
4 6
0 7
3 8
2 9
1 7
----------
0 1
1 2
2 3
3 4
4 5
5 6
6 7
3 8
----------
0 1
1 2
0 3
3 4
1 5
2 6
0 7
3 8
0 9
2 3
----------
0 1
1 2
1 3
2 4
2 5
3 6
4 7
4 8
5 9
6 10
6 7
8 9
----------
0 1
1 2
2 3
2 4
4 5
5 6
3 7
4 8
0 9
5 10
6 7
3 9
----------
0 1
0 2
1 3
2 4
2 5
4 6
4 7
5 8
7 8
----------
0 1
1 2
2 3
3 4
0 5
4 6
6 7
3 8
8 9
9 11
7 12
10 13
13 14
9 15
15 16
16 17
10 18
16 19
4 5
7 8
11 12
13 15
17 18
----------
0 1
1 2
2 3
0 4
4 5
1 6
6 7
3 8
8 9
9 10
10 11
11 12
8 13
9 14
11 15
12 16
3 4
12 13
----------
0 1
1 2
2 3
3 4
0 5
0 6
6 7
1 8
8 9
4 10
10 11
11 12
10 13
13 14
13 15
15 16
16 17
17 18
18 19
15 20
17 21
21 22
18 23
23 24
4 5
19 20
----------
0 1
0 2
2 3
3 4
4 5
4 6
0 7
7 8
8 9
9 10
6 11
6 7
10 11
----------
0 1
1 2
2 3
3 4
4 5
5 6
6 7
3 8
0 9
4 10
10 11
11 12
6 13
2 14
14 15
15 16
1 17
15 18
15 19
0 20
20 21
21 22
9 23
21 24
22 25
23 26
7 8
8 9
16 17
22 23
----------
0 1
1 2
2 3
3 4
0 5
3 6
6 7
6 8
8 9
9 10
10 11
11 12
12 13
9 14
12 15
11 16
16 17
16 18
18 19
19 20
20 22
19 23
23 24
20 25
4 5
13 14
21 23
----------
0 1
1 2
2 3
3 4
4 5
4 6
0 7
0 8
8 9
2 10
10 11
4 7
----------
0 1
1 2
2 3
3 4
1 5
2 6
3 7
5 8
8 9
9 10
9 11
4 5
----------
1 2
2 3
3 4
2 5
0 6
4 7
7 8
1 6
6 7
----------
0 1
1 2
1 3
2 4
3 5
4 6
5 7
6 8
4 5
7 8
----------
0 1
0 5
0 6
1 2
1 58
2 3
3 4
3 14
4 5
6 7
7 8
8 9
8 13
9 10
10 11
11 12
11 15
12 13
13 62
14 32
15 53
16 17
16 21
16 22
17 18
18 19
19 20
19 32
20 26
20 21
21 25
22 23
22 28
23 24
24 33
24 25
25 27
28 29
28 30
28 31
33 34
33 35
33 36
37 38
37 42
37 43
38 39
39 40
40 41
40 53
41 47
41 42
42 46
43 44
43 49
44 45
45 54
45 46
46 48
49 50
49 51
49 52
54 55
54 56
54 57
58 59
58 60
58 61
62 63
62 64
62 65
----------
0 1
1 2
1 3
2 4
2 5
3 6
4 7
5 8
7 9
4 6
7 8
----------
0 1
1 2
2 3
3 4
0 5
0 6
0 7
3 8
3 9
9 10
5 11
4 5
1 5
----------
0 1
1 2
1 3
2 4
2 5
3 6
3 7
5 8
5 7
----------
0 1
1 2
1 3
2 4
3 5
4 6
4 7
6 8
7 9
8 10
5 6
9 10
----------
0 1
1 2
2 3
3 4
0 5
5 6
4 7
7 8
6 9
6 10
5 11
4 5
6 7
----------
0 1
0 2
2 3
3 4
1 5
2 6
6 7
3 8
6 9
4 5
7 8
----------
0 1
1 2
2 3
3 4
0 5
2 6
6 7
6 8
3 9
4 5
----------
0 1
0 2
1 3
1 4
2 5
2 6
3 7
5 8
6 9
8 10
9 10
----------
0 1
0 2
2 3
3 4
4 5
0 6
6 7
7 8
5 9
3 10
10 11
5 6
8 9
----------
0 1
0 2
1 3
1 4
2 5
2 6
3 7
5 8
6 9
7 10
8 11
9 11
----------
0 1
1 2
2 3
3 4
4 5
0 6
1 7
7 8
7 9
9 10
2 11
10 12
12 13
12 14
10 15
15 16
16 17
16 18
9 19
19 20
20 21
20 22
22 23
23 24
24 25
25 26
26 27
28 29
29 30
30 31
31 32
27 33
32 34
0 35
35 36
36 37
6 38
38 39
6 40
1 41
4 42
42 43
5 6
10 11
11 12
28 33
36 38
----------
0 1
0 2
0 3
1 4
3 5
3 6
5 7
5 8
6 9
9 10
9 11
8 9
----------
0 1
0 2
0 3
0 4
1 5
2 6
5 7
6 8
7 9
----------
0 1
1 2
2 3
3 4
0 5
0 6
1 7
5 8
4 5
----------
0 1
0 2
0 3
1 4
2 5
4 6
5 7
6 8
6 9
6 10
----------
0 1
1 2
2 3
0 4
3 5
5 6
2 7
1 8
8 9
3 4
----------
0 1
0 2
1 3
1 4
1 5
2 6
6 7
7 8
----------
0 1
0 2
1 3
1 4
1 5
2 6
6 7
7 8
7 9
7 10
----------
0 1
1 2
2 3
3 4
0 5
1 6
3 7
0 8
4 5
6 7
----------
0 1
0 6
1 2
1 17
2 3
2 11
3 4
4 5
5 10
5 6
6 9
7 8
7 10
8 21
8 9
10 18
11 12
11 16
12 13
12 17
13 14
14 15
15 16
18 19
18 20
21 22
----------
0 1
1 2
1 3
1 4
3 5
4 6
5 7
5 6
----------
0 1
1 2
2 3
0 4
4 5
1 6
6 7
7 8
8 9
8 10
3 4
----------
0 1
1 2
1 3
3 4
4 5
5 6
6 7
5 8
8 9
----------
0 1
1 2
2 3
3 4
4 5
5 6
6 7
6 8
8 9
0 10
----------
0 1
1 2
2 3
3 4
0 5
4 6
6 7
7 8
8 9
1 10
4 5
----------
0 1
0 2
1 3
1 4
1 5
2 6
6 7
6 8
----------
0 1
1 2
1 3
2 4
2 5
3 6
4 7
4 8
5 9
6 7
8 9
----------
0 1
0 6
1 7
2 3
2 7
3 4
4 5
5 6
----------
0 1
1 2
1 3
2 4
3 5
4 6
4 5
----------
0 1
1 2
2 3
0 4
0 5
5 6
6 7
7 8
1 9
8 10
5 11
3 4
8 9
----------
0 1
1 2
2 3
3 4
0 5
2 6
6 7
6 8
8 9
3 10
10 11
4 5
----------
0 1
1 2
1 3
2 4
2 5
2 6
3 7
4 8
4 9
7 10
5 6
7 9
----------
0 1
0 2
1 3
3 4
3 5
5 6
0 7
6 8
8 9
9 10
9 11
6 7
----------
0 1
0 2
0 3
3 4
3 5
4 6
5 7
6 8
6 9
9 10
10 11
7 9
----------
0 1
1 2
0 3
3 4
4 5
5 6
3 7
7 8
7 9
----------
0 1
1 2
2 3
3 4
0 5
1 6
6 7
7 8
2 9
5 10
10 11
11 12
0 13
3 14
14 15
15 16
4 17
11 18
11 19
17 20
15 21
8 22
7 23
9 24
20 25
25 26
4 5
8 9
12 13
16 17
----------
0 1
0 2
1 3
1 4
2 5
2 6
3 7
5 8
6 9
8 10
9 10
----------
0 1
1 2
1 3
1 4
2 5
2 6
3 7
3 8
4 9
4 10
5 11
6 12
8 13
8 14
9 15
10 16
11 17
15 18
5 8
12 17
16 18
----------
0 1
1 2
2 3
2 4
4 5
4 6
6 7
6 8
8 9
8 10
10 11
----------
0 1
1 2
2 3
2 4
0 5
4 6
6 7
7 8
5 9
0 10
4 5
8 9
----------
0 1
0 2
0 3
1 4
3 5
3 6
5 7
5 8
6 9
8 10
9 11
8 9
----------
0 1
1 2
2 3
0 4
3 5
5 6
5 7
1 8
8 9
4 10
3 4
----------
0 1
0 2
1 3
2 4
2 5
4 6
5 7
6 8
6 9
7 10
7 9
----------
0 1
1 2
1 3
1 4
3 5
2 6
0 7
4 8
7 9
9 10
9 11
8 9
----------
0 1
1 2
2 3
0 4
1 5
4 6
6 7
6 8
8 9
3 4
----------
0 1
1 2
1 3
3 4
3 5
5 6
6 7
7 8
8 9
9 10
----------
0 1
1 2
2 3
3 4
0 5
5 6
6 7
6 8
8 9
4 5
----------
0 1
1 2
2 3
3 4
0 5
1 6
3 7
5 8
4 9
4 10
4 5
----------
0 1
1 2
2 3
3 4
0 5
1 6
6 7
7 8
8 9
8 10
10 11
11 12
12 13
12 14
14 15
14 16
16 17
10 18
3 19
19 20
20 21
20 22
22 23
23 24
24 25
24 26
26 27
26 28
28 29
22 30
4 31
31 32
32 33
33 34
34 35
35 36
35 37
37 38
37 39
38 40
33 41
41 42
42 43
0 44
43 45
45 46
47 48
47 49
42 50
50 51
40 52
52 53
5 54
32 55
43 56
54 57
57 58
57 59
59 60
60 61
61 62
61 63
63 64
63 65
65 66
59 67
4 5
16 18
28 30
38 41
44 45
50 52
47 56
65 67
----------
0 1
0 4
1 2
2 3
2 5
3 9
3 10
4 8
4 5
5 6
5 7
8 9
----------
0 1
1 2
2 3
0 4
0 5
5 6
3 7
7 8
2 9
6 10
4 7
6 9
----------
0 1
0 5
0 9
1 2
1 6
2 3
2 17
3 4
3 14
4 13
4 5
5 10
6 7
7 8
7 20
8 9
9 27
10 11
11 12
11 18
11 19
12 13
14 15
15 16
15 26
16 21
16 17
17 22
22 23
23 24
23 25
27 28
28 29
----------
0 1
1 2
1 3
2 4
3 5
4 6
4 7
5 7
----------
0 1
1 2
1 3
2 4
2 5
3 6
3 7
4 8
4 9
5 10
6 11
7 12
9 13
10 14
11 15
12 16
12 17
12 18
13 19
14 20
15 21
15 22
19 23
19 24
19 25
20 26
20 27
21 28
22 29
28 30
30 31
31 32
31 33
32 34
34 35
34 36
35 37
36 38
37 39
39 40
40 41
41 42
42 43
42 44
43 45
44 46
45 47
47 48
48 49
48 50
48 51
7 8
10 13
29 30
38 39
46 47
----------
0 1
1 2
0 3
3 4
4 5
5 6
6 7
7 8
8 9
5 10
2 3
9 10
----------
0 1
0 2
1 3
1 4
1 5
2 6
6 7
6 8
----------
0 1
0 2
1 3
2 4
2 5
3 6
3 7
4 8
4 9
5 10
5 11
6 12
6 13
7 14
7 15
8 16
8 17
9 18
10 19
12 20
12 21
12 22
13 23
15 24
16 25
17 26
19 27
23 28
24 29
25 30
26 31
28 32
30 33
31 34
31 35
31 36
32 37
33 38
33 39
37 40
38 41
38 42
39 43
40 44
40 45
42 46
43 47
45 48
45 49
46 50
48 51
49 52
50 53
50 54
50 55
51 56
56 57
11 16
15 23
18 26
29 32
43 46
52 56
----------
0 1
0 2
1 3
1 4
2 5
2 6
3 7
5 8
6 9
7 10
8 9
----------
0 1
1 2
1 3
1 4
3 5
4 6
5 7
7 8
7 9
6 7
----------
0 1
1 2
2 3
3 4
0 5
0 6
3 7
6 8
8 9
9 10
9 11
4 5
----------
0 1
0 4
1 2
2 3
2 5
3 4
4 12
5 6
5 10
6 7
7 8
8 9
8 64
9 10
10 11
12 13
13 14
14 15
14 17
14 31
16 30
16 37
18 19
18 22
18 32
19 20
20 21
20 23
21 22
22 30
23 24
23 27
24 25
25 26
25 36
26 29
26 35
27 28
27 35
31 42
32 33
33 34
37 38
37 39
37 40
39 43
41 44
41 45
42 44
43 44
45 46
46 47
47 48
48 49
49 50
50 51
51 52
52 53
53 54
54 55
55 56
56 57
57 58
58 59
59 60
60 61
61 62
63 65
63 66
63 64
66 67
67 68
68 69
69 70
70 71
71 72
72 73
73 74
74 75
75 76
76 77
77 78
78 79
79 80
----------
0 1
0 2
2 3
2 4
3 5
3 6
4 7
4 8
5 9
6 10
6 8
----------
0 1
0 5
0 38
1 2
1 7
2 3
2 6
3 4
3 57
4 5
5 32
6 9
7 8
8 9
10 11
10 27
10 50
11 12
12 13
12 36
13 28
13 49
14 15
14 19
15 16
16 17
16 35
17 18
17 44
18 19
19 48
20 21
20 25
20 40
21 22
22 23
22 39
23 24
24 25
25 34
26 31
26 27
27 28
28 29
29 30
30 31
32 33
32 39
34 35
36 37
36 48
40 41
40 42
40 43
44 45
44 46
44 47
50 51
51 52
52 53
53 54
54 55
54 56
57 58
58 59
59 60
60 61
61 62
61 63
----------
0 1
0 2
0 3
1 4
2 5
4 6
6 7
6 8
7 9
----------
0 1
1 2
2 3
3 4
0 5
0 6
0 7
3 8
8 9
4 10
7 11
4 5
9 10
----------
0 1
1 2
1 3
2 4
3 5
4 6
5 7
6 8
6 9
7 9
----------
0 1
1 2
2 3
3 4
4 5
0 6
6 7
7 8
5 9
0 10
3 11
5 6
8 9
----------
0 1
1 2
2 3
0 4
3 5
5 6
6 7
6 8
8 9
3 4
----------
0 1
1 2
2 3
0 4
4 5
5 6
2 7
7 8
7 9
3 4
----------
0 1
1 2
2 3
3 4
0 5
0 6
6 7
1 8
3 9
5 10
4 5
----------
0 1
0 2
0 3
1 4
1 5
1 6
2 7
2 8
----------
0 1
0 2
2 3
3 4
1 5
2 6
6 7
6 8
4 5
----------
0 1
1 2
2 3
0 4
3 5
5 6
6 7
4 8
9 10
10 11
11 12
12 13
9 14
10 15
1 16
16 17
16 18
3 4
7 8
13 14
15 16
----------
0 1
0 2
0 3
1 4
1 5
2 6
2 7
3 8
4 9
5 6
4 8
7 8
6 9
----------
0 1
0 5
0 24
1 2
2 3
2 10
3 4
3 11
4 9
4 5
5 6
6 7
7 8
8 13
8 9
9 12
10 21
10 22
10 23
13 14
14 15
15 16
15 20
16 17
17 18
17 62
18 19
18 28
19 20
24 25
24 26
24 27
28 61
29 30
29 34
29 53
30 31
31 32
31 39
32 33
32 40
33 38
33 34
34 35
35 36
36 37
37 42
37 38
38 41
39 50
39 51
39 52
42 43
43 44
44 45
44 49
45 46
46 47
46 57
47 48
47 61
48 49
53 54
53 55
53 56
57 58
57 59
57 60
62 63
62 64
62 65
----------
0 1
1 2
2 3
0 4
4 5
5 6
0 7
0 8
0 9
4 10
3 4
6 7
----------
0 1
0 2
2 3
0 4
4 5
0 6
6 7
----------
0 1
0 5
1 2
2 3
3 4
4 9
4 5
5 6
6 7
6 26
7 8
7 10
8 9
9 22
10 11
11 12
12 13
12 17
13 14
14 15
14 18
15 16
15 27
16 17
18 19
18 20
18 21
22 23
22 24
22 25
27 28
28 29
29 30
29 34
30 31
31 32
32 33
32 39
33 34
34 35
35 36
35 37
35 38
39 40
40 41
41 42
41 46
42 43
42 55
43 44
43 47
44 45
44 50
45 51
45 46
47 48
48 49
49 50
51 52
51 53
51 54
----------
0 2
2 3
2 5
2 6
7 8
8 9
8 10
8 11
----------
0 1
1 2
2 3
1 4
4 5
5 6
6 7
6 8
----------
0 1
1 2
2 3
0 4
1 5
5 6
7 8
8 9
9 10
7 11
8 12
12 13
11 14
14 15
15 16
16 17
17 18
14 19
20 21
21 22
22 23
23 24
4 25
25 26
23 27
24 28
19 29
17 30
30 31
31 32
31 33
33 34
34 35
35 36
36 37
37 38
38 39
39 40
40 41
41 42
42 43
43 44
44 45
45 46
46 47
20 48
6 49
49 50
49 51
3 4
10 11
18 19
22 25
26 27
24 48
13 49
----------
0 1
1 2
1 3
0 4
0 5
5 6
6 7
0 9
8 10
9 10
----------
0 1
0 2
1 3
1 4
2 5
2 6
5 7
6 8
7 9
9 10
8 9
----------
0 1
0 2
0 3
1 4
2 5
2 6
3 7
4 8
4 9
4 10
----------
0 1
0 4
0 47
1 2
1 5
1 6
2 3
2 9
3 4
6 7
7 8
8 10
8 9
9 13
10 11
10 14
10 15
11 12
11 18
12 13
15 16
16 17
17 19
17 18
19 20
20 21
21 22
22 23
22 35
23 24
23 27
24 25
25 26
25 29
27 28
28 32
28 29
29 30
30 31
32 33
32 34
35 36
35 40
36 37
37 38
37 41
38 39
38 44
39 46
39 40
41 42
41 43
44 45
47 48
47 54
48 49
49 50
50 51
51 52
51 53
----------
0 1
0 2
1 3
2 4
3 5
4 5
----------
0 1
0 2
0 3
1 4
1 5
1 6
2 7
2 8
----------
0 1
0 2
1 3
1 4
1 5
2 6
6 7
----------
0 1
1 2
0 3
0 4
4 5
0 6
6 7
2 3
----------
0 1
0 2
0 3
3 4
3 5
4 6
4 7
5 8
7 9
8 10
8 9
----------
0 1
0 2
0 3
1 4
2 5
4 6
----------
1 2
0 3
3 4
0 5
4 6
4 7
7 8
2 9
2 3
5 6
----------
0 1
1 2
1 3
3 4
5 6
5 7
3 8
0 9
9 10
5 8
8 9
----------
0 1
0 2
2 3
3 4
2 5
5 6
5 7
7 8
8 9
1 2
----------
0 1
1 2
1 3
2 4
2 5
3 6
3 7
5 8
7 8
----------
0 1
1 2
1 3
2 4
2 5
3 6
5 7
5 8
7 9
7 10
8 11
4 6
10 11
----------
0 1
1 2
2 3
0 4
3 5
5 6
6 7
7 8
7 9
9 10
3 4
----------
0 1
1 2
2 3
3 4
0 5
5 6
3 7
2 8
0 9
9 10
10 11
11 12
9 13
12 14
11 15
15 16
16 17
17 18
17 19
19 20
20 21
21 22
22 23
23 24
24 25
25 26
26 27
27 28
28 29
29 30
30 31
4 5
12 13
----------
0 1
0 2
0 3
3 4
3 5
5 6
5 7
----------
0 1
0 4
1 2
1 10
2 3
2 7
3 9
3 4
4 5
5 6
5 8
6 7
10 11
----------
0 1
1 2
0 3
3 4
2 5
3 6
6 7
2 8
8 9
4 5
----------
1 2
1 3
0 4
0 5
7 8
7 9
7 10
7 11
----------
0 1
1 2
2 3
0 4
0 5
5 6
1 7
7 8
5 9
4 10
3 4
----------
0 1
1 2
0 3
0 4
0 5
2 6
2 7
1 8
3 9
2 3
----------
0 1
0 5
1 2
1 24
2 3
3 4
4 28
4 5
6 7
6 11
6 31
7 8
7 29
8 9
9 10
10 11
12 13
12 17
13 14
14 15
14 33
15 16
15 32
16 17
18 19
18 23
18 36
19 20
20 21
21 22
21 34
22 23
24 25
24 26
24 27
28 29
29 30
31 32
33 35
33 34
36 37
36 38
36 39
----------
0 1
0 2
0 3
0 4
4 5
4 6
5 7
6 8
7 9
9 10
10 11
8 9
----------
0 1
1 2
2 3
3 4
0 5
0 6
6 7
2 8
2 9
4 10
10 11
4 5
----------
0 1
0 3
0 18
1 5
2 3
2 5
3 15
4 6
4 7
4 14
4 5
8 9
8 13
9 10
9 14
10 11
11 12
11 19
12 13
15 16
16 17
17 18
----------
0 1
0 2
0 3
1 4
2 5
4 6
5 7
----------
0 1
1 2
2 3
3 4
0 5
5 6
6 7
7 8
8 9
7 10
2 11
4 5
----------
0 1
0 2
1 3
1 4
2 5
3 6
5 7
6 8
7 9
----------
0 1
1 2
2 3
0 4
4 5
5 6
6 7
7 8
5 9
9 10
8 11
8 12
7 13
1 14
2 15
15 16
16 17
14 19
18 20
21 22
22 23
22 24
24 25
18 26
18 27
27 28
28 29
29 30
30 31
21 32
32 33
33 34
34 35
35 36
36 37
33 38
3 4
9 12
18 19
21 26
37 38
----------
0 1
1 2
2 3
3 4
4 5
5 6
6 7
6 8
----------
0 1
1 2
4 5
3 6
2 7
0 8
8 9
2 10
6 11
5 6
3 7
4 8
----------
0 1
0 2
2 3
2 4
3 5
4 6
5 7
5 8
8 9
6 8
----------
0 1
0 2
2 3
0 4
4 5
0 6
1 7
6 8
7 9
7 10
7 11
----------
0 1
1 2
1 3
3 4
0 5
4 6
0 7
7 8
7 9
4 5
----------
0 1
1 2
2 3
3 4
4 5
5 6
6 7
7 8
2 9
8 9
5 9
----------
0 1
0 2
0 13
0 14
1 8
1 12
2 3
2 7
3 4
4 5
5 6
5 16
6 7
8 9
9 10
10 11
10 15
11 12
15 17
16 26
17 18
17 19
19 20
19 24
20 21
20 33
21 22
22 23
22 41
23 24
25 26
26 27
27 28
27 32
28 29
28 37
29 30
30 31
30 43
31 32
33 34
33 35
33 36
37 38
37 39
37 40
41 42
42 60
43 44
44 45
45 46
45 50
46 47
47 48
47 52
48 49
48 59
49 56
49 50
50 51
52 53
52 54
52 55
56 57
57 58
58 59
60 61
60 65
61 62
62 63
62 67
63 64
63 74
64 71
64 65
65 66
67 68
67 69
67 70
71 72
72 73
73 74
----------
0 1
1 2
2 3
3 4
0 5
0 6
6 7
6 8
6 9
9 10
9 11
4 5
----------
0 1
1 2
1 3
1 4
3 5
3 6
4 7
5 8
6 9
7 10
5 7
8 9
----------
0 1
0 2
2 3
2 4
3 5
4 6
5 7
6 8
6 9
7 10
7 9
----------
0 1
1 2
2 3
0 4
4 5
5 6
6 7
3 8
6 9
6 10
3 4
----------
0 1
1 2
2 3
3 4
0 5
5 6
6 7
4 8
8 9
3 10
4 5
7 8
----------
0 1
0 4
0 7
1 2
2 3
3 9
3 4
4 5
4 6
7 8
7 10
9 10
----------
0 1
1 2
1 3
3 4
3 5
5 6
6 7
6 8
8 9
9 10
9 11
----------
0 1
0 2
0 3
1 4
2 5
4 6
5 7
----------
0 1
0 2
1 3
2 4
3 5
4 6
5 7
6 8
7 9
----------
0 1
1 2
1 3
2 4
2 5
3 6
3 7
4 8
4 9
5 10
9 11
7 8
10 11
----------
0 1
1 2
1 3
2 4
3 5
4 6
4 7
5 8
5 7
----------
0 1
0 2
2 3
2 4
3 5
4 6
5 7
5 8
8 9
9 10
6 8
----------
0 19
1 2
1 5
1 20
2 3
2 23
3 4
3 30
4 6
4 25
5 6
6 7
7 8
7 9
8 15
8 17
9 12
9 13
10 11
10 21
10 12
11 14
11 26
13 24
13 14
14 33
15 16
15 22
16 27
16 19
17 18
18 19
27 28
27 29
30 31
30 32
33 34
33 35
----------
0 1
0 2
2 3
3 4
1 5
6 7
7 8
8 9
9 10
6 11
2 12
12 13
12 14
9 15
15 16
15 17
0 18
18 19
4 20
4 5
10 11
10 12
----------
0 1
1 2
2 3
3 4
4 5
5 6
6 7
3 8
4 9
7 8
----------
0 1
1 2
2 3
0 4
5 6
6 7
7 8
5 9
10 11
4 12
12 13
13 14
10 15
16 17
9 18
18 19
19 20
16 21
11 22
2 23
23 24
1 25
25 26
26 27
26 28
26 29
7 30
17 31
15 32
32 33
33 34
34 35
35 36
36 37
37 38
38 39
39 40
40 41
41 42
42 43
43 44
44 45
45 46
46 47
47 48
21 49
3 4
8 9
11 12
14 15
17 18
20 21
29 30
----------
0 1
1 2
1 3
2 4
3 5
4 6
4 5
----------
0 1
1 2
2 3
3 4
4 5
5 6
6 7
6 8
6 9
----------
0 1
1 2
2 3
3 4
0 5
4 6
6 7
7 8
4 5
----------
0 1
1 2
2 3
3 4
0 5
0 6
5 7
4 8
4 5
----------
0 1
0 2
2 3
2 4
3 5
3 6
4 7
4 8
6 9
9 10
8 9
----------
0 1
1 2
2 3
3 4
0 5
4 6
7 8
8 9
9 10
9 11
9 12
3 13
1 15
14 16
17 18
18 19
14 20
17 21
19 22
4 5
7 13
14 15
19 20
20 21
----------
0 1
0 4
1 2
2 3
2 7
3 4
4 5
5 6
5 8
6 7
----------
0 1
1 2
2 3
0 4
4 5
5 6
1 7
7 8
2 9
3 10
3 4
----------
0 1
1 2
1 3
1 4
4 5
4 6
6 7
7 8
8 9
9 10
10 11
----------
0 1
0 2
0 3
1 4
2 5
2 6
3 7
4 8
4 9
4 10
----------
0 1
1 2
2 3
0 4
3 5
4 6
2 7
1 8
8 9
9 10
10 11
11 12
12 13
9 14
3 15
7 16
16 17
17 18
18 19
0 20
20 21
13 14
4 15
----------
0 1
0 2
0 3
1 4
2 5
3 6
4 5
4 6
----------
0 1
0 2
1 3
2 4
2 5
2 6
3 7
3 8
3 9
5 10
6 10
----------
0 1
1 2
2 3
3 4
0 5
3 6
0 7
7 8
8 9
7 10
10 11
4 5
----------
0 1
1 2
1 3
2 4
2 5
3 6
3 7
4 8
4 9
5 10
5 11
6 12
6 13
6 14
8 15
9 16
11 17
15 18
15 19
15 20
17 21
21 22
22 23
22 24
23 25
23 26
24 27
26 28
28 29
29 30
29 31
30 32
31 33
32 34
32 35
35 36
36 37
37 38
38 39
38 40
39 41
39 42
40 43
42 44
42 45
44 46
45 47
45 48
46 49
46 50
48 51
49 52
49 53
49 54
51 55
51 56
51 57
7 8
11 16
27 28
33 35
43 44
48 50
----------
0 1
1 2
2 3
3 4
0 5
0 6
2 7
7 8
8 9
8 10
4 5
----------
0 1
1 2
2 3
0 4
0 5
0 6
0 7
3 8
8 9
9 10
3 4
----------
0 1
1 2
2 3
3 4
4 5
5 6
6 7
7 8
8 9
8 10
----------
0 1
1 2
1 3
2 4
2 5
3 6
4 7
4 8
5 9
8 10
6 7
9 10
----------
0 1
1 2
1 3
2 4
2 5
3 6
4 7
5 8
7 9
8 10
4 6
8 9
----------
0 1
1 2
2 3
3 4
0 5
7 9
1 10
6 11
4 5
8 9
9 10
10 11
----------
0 1
1 2
0 3
0 5
2 6
4 7
4 8
8 9
9 10
5 6
6 7
5 8
----------
0 1
0 2
0 3
1 4
1 5
2 6
3 7
5 6
4 7
----------
0 1
0 2
1 3
1 4
2 5
2 6
5 7
6 8
6 9
7 10
7 9
----------
0 1
1 3
0 4
4 5
5 6
5 7
7 8
2 9
9 10
2 3
2 4
7 9
----------
0 1
1 2
1 3
2 4
2 5
3 6
3 7
5 8
8 9
7 8
----------
0 1
1 2
1 3
2 4
2 5
3 6
4 7
5 8
7 9
4 6
8 9
----------
0 1
1 2
2 3
3 4
0 5
6 7
7 8
8 9
9 10
6 11
11 12
3 13
13 14
14 15
7 16
4 17
15 18
13 19
19 20
14 21
16 22
22 23
4 5
10 11
15 16
16 17
20 21
----------
0 1
1 3
0 4
0 5
1 6
5 7
1 8
4 9
2 3
2 4
----------
0 1
1 2
2 3
0 4
0 5
5 6
4 7
3 8
8 9
2 10
9 11
3 4
9 10
----------
0 1
1 2
1 3
3 4
4 5
5 6
6 7
6 8
6 9
----------
0 1
1 2
2 3
3 4
3 5
5 6
6 7
5 8
2 9
8 9
----------
0 1
1 2
2 3
3 4
4 5
0 6
1 7
7 8
8 9
2 10
3 11
11 12
4 13
6 14
14 15
15 16
16 17
17 18
14 19
6 20
20 21
5 22
5 6
9 10
12 13
18 19
----------
0 1
0 2
1 3
1 4
1 5
2 6
6 7
6 8
----------
0 1
1 2
2 3
3 4
0 5
3 6
6 7
7 8
4 9
9 10
10 11
8 12
12 13
13 14
14 15
11 16
15 17
14 18
1 19
19 20
17 21
21 22
22 23
22 24
24 25
25 26
23 27
4 5
8 9
11 12
15 16
26 27
----------
0 1
0 2
1 3
1 4
1 5
2 6
6 7
6 8
----------
0 1
0 3
1 2
1 10
2 5
3 4
3 9
4 8
4 5
5 6
6 7
7 8
----------
0 1
0 2
0 3
3 4
3 5
5 6
6 7
6 8
8 9
8 10
----------
0 1
0 2
1 3
2 4
3 5
4 6
4 7
5 8
5 9
----------
0 1
0 2
0 3
0 4
5 6
5 7
5 8
5 9
5 10
----------
0 1
0 5
0 7
1 2
1 6
2 3
2 47
3 4
4 8
4 5
8 9
8 10
9 37
10 11
10 15
11 12
12 13
12 50
13 14
13 16
14 17
14 15
18 19
18 23
18 38
19 20
20 21
21 22
21 24
21 39
22 27
22 23
24 25
24 28
25 26
25 31
26 27
28 29
29 30
30 34
30 35
30 31
31 32
32 33
33 34
34 36
36 40
36 41
37 38
41 42
42 43
43 44
44 45
44 46
47 48
47 49
50 51
50 52
----------
0 1
1 2
1 3
2 4
2 5
3 6
3 7
5 8
8 9
7 8
----------
0 1
0 2
1 3
2 4
2 5
4 6
4 7
5 8
7 9
8 9
----------
0 1
1 2
1 3
0 4
4 5
4 6
4 7
2 8
8 9
----------
0 1
0 4
1 2
2 3
2 5
3 4
4 12
5 6
5 10
6 7
7 8
8 9
8 52
9 10
10 11
12 13
13 14
14 15
14 16
14 49
17 18
17 21
17 49
18 19
18 51
19 20
19 22
20 21
21 48
22 23
22 27
23 24
24 25
25 26
25 29
26 27
27 28
29 30
30 31
31 32
32 33
33 34
34 35
35 36
36 37
37 38
38 39
39 40
40 41
41 42
42 43
43 44
44 45
45 46
46 47
48 50
----------
0 1
0 2
2 3
2 4
2 5
0 6
6 7
6 8
7 9
7 8
----------
0 1
0 2
0 3
3 4
3 5
4 6
5 7
5 8
6 9
6 10
4 5
----------
0 1
0 5
1 2
1 11
2 3
2 14
3 4
3 6
4 9
4 5
6 7
7 8
7 10
8 45
8 9
11 12
12 13
12 26
12 27
13 37
13 14
14 24
15 16
15 20
15 21
15 23
16 17
17 18
18 19
18 43
18 21
19 22
19 20
21 41
21 42
23 25
23 24
28 29
28 33
28 34
28 36
29 30
30 31
31 32
31 44
31 34
32 35
32 33
34 39
34 40
36 38
36 37
----------
0 1
1 2
2 3
0 4
0 5
3 6
6 7
7 8
7 9
9 10
3 11
----------
0 1
1 2
1 3
3 4
0 5
5 6
6 7
7 8
7 9
9 10
10 11
4 5
----------
0 1
0 2
1 3
1 4
1 5
2 6
2 7
2 8
----------
0 1
1 2
2 3
0 4
1 5
3 6
6 7
6 8
4 9
0 10
3 4
----------
0 1
0 2
0 3
0 4
0 6
----------
0 1
0 2
2 3
2 4
3 5
3 6
4 7
5 8
6 7
----------
0 1
1 2
1 3
1 4
4 5
5 6
5 7
7 8
8 9
9 10
9 11
----------
0 1
1 2
2 3
3 4
4 5
5 6
5 7
7 8
8 9
9 10
9 11
----------
0 1
1 2
1 3
1 4
0 5
0 6
0 7
----------
0 1
1 2
1 3
2 4
2 5
4 6
5 7
6 8
3 4
7 8
----------
0 1
1 2
2 3
1 4
4 5
4 6
0 7
0 8
4 9
8 10
8 11
8 9
----------
0 1
0 2
0 3
3 4
3 5
3 6
5 7
6 8
7 8
----------
0 1
1 2
1 3
2 4
3 5
4 6
4 7
6 8
7 9
5 6
8 9
----------
0 1
1 2
2 3
3 4
0 5
5 6
6 7
4 8
1 9
7 10
4 5
7 8
----------
0 1
0 2
0 3
3 4
3 5
5 6
6 7
7 8
8 9
9 10
----------
0 1
1 2
1 3
2 4
3 5
3 6
4 7
6 8
7 9
9 10
8 9
----------
0 1
1 2
0 4
2 5
1 6
0 7
4 8
4 9
2 10
10 11
3 4
3 5
3 6
----------
0 1
1 2
1 3
3 4
3 5
5 6
6 7
6 8
8 9
8 10
----------
0 1
0 2
0 3
1 4
1 5
2 6
3 7
5 8
4 6
7 8
----------
0 1
0 2
1 3
1 4
1 5
2 6
2 7
6 8
7 9
8 10
9 10
----------
0 1
1 2
1 3
2 4
4 5
3 4
----------
0 1
1 2
1 3
2 4
2 5
3 6
4 7
4 8
5 9
9 10
10 11
6 8
7 9
----------
0 1
0 5
1 2
2 3
3 4
3 6
4 8
4 5
6 7
6 19
7 17
8 18
8 17
9 10
9 14
9 15
10 11
11 12
12 13
12 54
13 23
13 14
15 16
16 17
19 20
19 21
19 22
23 24
23 25
23 26
27 28
27 32
28 29
29 30
30 31
30 33
31 35
31 32
33 34
33 46
34 44
35 45
35 44
36 37
36 41
36 42
37 38
38 39
39 40
39 55
40 50
40 41
42 43
43 44
46 47
46 48
46 49
50 51
50 52
50 53
54 56
54 55
55 57
----------
0 1
1 2
2 3
3 4
0 5
1 6
2 7
4 8
5 9
9 10
10 11
11 12
9 13
12 14
14 15
15 16
11 17
17 18
18 19
19 20
19 21
21 22
22 23
23 24
24 25
25 26
26 27
27 28
28 29
29 30
30 31
31 32
32 33
4 5
12 13
----------
0 1
1 2
2 3
1 4
3 5
0 6
6 7
6 8
1 9
4 10
4 5
3 6
----------
0 1
1 2
2 3
0 4
3 5
5 6
6 7
7 8
8 9
8 10
5 11
3 4
9 10
----------
0 1
0 2
0 3
1 4
1 5
2 6
2 7
4 8
6 9
8 10
----------
0 1
1 2
2 3
0 4
1 5
2 6
6 7
5 8
5 9
3 4
5 6
----------
0 1
1 2
1 3
2 4
2 5
3 6
4 7
4 8
5 9
9 10
6 8
7 9
----------
0 1
1 2
1 3
2 4
3 5
4 6
4 7
6 8
7 9
8 10
4 5
9 10
----------
0 1
0 2
0 3
0 4
4 5
4 6
5 7
5 8
6 9
6 10
8 10
----------
0 1
1 2
1 3
2 4
2 5
3 6
4 7
5 8
7 9
9 10
4 6
8 9
----------
0 1
0 2
2 3
2 4
3 5
3 6
4 7
5 8
6 9
8 10
5 7
9 10
----------
0 1
0 2
0 3
1 4
2 5
4 6
5 7
6 8
6 9
----------
0 1
1 2
2 3
0 4
4 5
5 6
0 7
7 8
8 9
9 10
----------
0 1
0 2
1 3
2 4
2 5
3 6
4 7
5 8
6 9
6 10
7 8
----------
0 1
0 2
0 3
3 4
3 5
4 6
5 7
6 8
8 9
8 10
6 7
----------
0 1
0 2
1 3
2 4
2 5
4 6
4 7
5 8
5 9
7 9
----------
0 1
0 5
0 45
1 2
1 11
2 3
2 14
3 4
3 6
4 9
4 5
6 7
7 8
7 10
8 9
11 12
12 13
12 26
12 27
13 37
13 14
14 24
15 16
15 20
15 21
15 23
16 17
17 18
18 19
18 43
18 21
19 22
19 20
21 41
21 42
23 25
23 24
28 29
28 33
28 34
28 36
29 30
30 31
31 32
31 44
31 34
32 35
32 33
34 39
34 40
36 38
36 37
----------
0 1
0 9
1 2
2 3
3 4
3 8
4 5
4 10
5 6
6 7
6 11
7 8
8 9
----------
0 1
1 2
2 3
3 4
0 5
5 6
6 7
6 8
6 9
4 5
----------
0 1
1 2
2 3
3 4
0 5
5 6
6 7
4 8
7 9
9 10
6 11
4 5
7 8
10 11
----------
0 1
1 2
1 3
2 4
3 5
3 6
4 7
4 8
7 9
8 10
6 7
9 10
----------
0 1
1 2
2 3
3 4
0 5
4 6
6 7
7 8
8 9
0 10
4 5
----------
0 1
0 2
0 3
0 4
0 5
0 6
----------
0 1
1 2
2 3
3 4
0 5
3 6
0 7
7 8
5 9
8 10
9 11
11 12
12 13
4 14
13 15
15 16
16 17
17 18
17 19
12 20
4 5
8 9
13 14
----------
0 1
1 2
0 4
2 5
1 6
0 7
4 8
4 9
2 10
3 4
3 5
3 6
----------
0 1
1 2
2 3
3 4
0 5
2 6
6 7
3 8
7 9
4 5
7 8
----------
0 1
1 2
2 3
3 4
0 5
6 7
7 8
0 9
5 10
9 11
1 12
8 13
6 14
4 5
8 9
10 11
6 12
----------
1 2
2 3
0 4
1 5
0 6
3 7
0 8
5 9
5 10
1 4
3 8
----------
0 1
1 2
2 3
0 4
2 5
5 6
6 7
7 8
8 9
5 10
9 11
8 12
6 13
4 14
14 15
15 16
0 17
17 18
18 19
19 20
19 21
19 22
22 23
23 24
24 25
24 26
26 27
26 28
26 29
21 30
30 31
31 32
31 33
33 34
33 35
33 36
3 4
9 10
----------
0 1
1 2
1 3
1 4
3 5
4 6
5 7
5 8
5 9
6 10
6 9
----------
0 1
0 2
1 3
2 4
2 5
4 6
5 7
6 8
6 9
9 10
7 9
----------
0 1
0 2
0 3
0 4
1 5
1 6
----------
0 1
1 2
0 3
3 4
2 5
4 6
6 7
6 8
4 5
----------
0 1
1 2
2 3
3 4
0 5
3 6
6 7
7 8
3 9
7 10
4 5
8 9
----------
0 1
1 2
2 3
2 4
4 5
5 6
4 7
----------
0 1
1 2
2 3
3 4
0 5
0 6
4 7
3 8
5 9
3 10
10 11
4 5
8 9
----------
0 1
1 2
2 3
0 4
1 5
5 6
6 7
7 8
2 9
5 10
8 11
3 4
8 9
----------
0 1
0 2
0 3
0 4
4 5
4 6
6 7
7 8
----------
0 1
1 2
2 3
0 4
4 5
5 6
6 7
6 8
8 9
9 10
10 11
5 12
9 13
1 15
13 16
16 17
17 18
17 19
3 4
10 12
14 15
----------
0 1
1 2
2 3
0 4
0 5
5 6
4 7
2 8
7 9
3 4
6 7
----------
0 1
1 2
0 3
3 4
2 5
5 6
4 8
9 10
6 12
11 14
10 15
10 16
9 17
13 18
9 19
20 21
18 22
13 23
23 25
25 26
26 27
27 28
24 29
18 30
22 31
31 32
32 33
33 34
31 35
33 36
35 37
21 38
21 39
21 40
16 41
41 42
41 43
4 5
7 8
11 12
7 12
11 15
13 19
24 25
28 29
35 38
----------
0 1
1 2
2 3
0 4
3 5
5 6
6 7
6 8
8 9
9 10
9 11
11 12
5 13
13 14
14 15
15 16
11 17
0 18
18 19
1 20
20 21
21 22
3 4
11 13
----------
0 1
0 2
2 3
2 4
3 5
3 6
4 7
5 8
6 9
8 10
10 11
7 8
7 9
----------
0 1
0 2
0 3
1 4
3 5
3 6
5 7
6 8
7 9
9 10
10 11
8 9
----------
1 2
0 3
3 4
0 5
4 6
4 7
7 8
8 9
2 10
2 3
5 6
----------
0 1
1 2
1 3
2 4
2 5
3 6
3 7
5 8
5 9
9 10
7 9
----------
0 1
0 2
0 3
3 4
3 5
4 6
4 7
5 8
7 9
9 10
8 9
----------
0 1
1 2
1 3
3 4
3 5
3 6
0 7
7 8
7 9
6 10
6 7
----------
0 1
1 2
2 3
2 4
4 5
0 6
0 7
4 8
8 9
5 10
10 11
11 12
12 13
13 14
14 15
11 16
6 17
17 18
18 19
19 20
20 21
21 22
22 23
23 24
20 25
5 6
15 16
24 25
----------
0 1
0 2
2 3
0 4
4 5
5 6
6 7
4 8
----------
0 1
0 2
1 3
2 4
2 5
4 6
4 7
5 8
5 9
6 10
6 11
7 9
----------
0 1
0 2
1 3
2 4
3 5
3 6
4 7
4 8
----------
0 1
0 2
2 3
2 4
3 5
3 6
4 7
4 8
6 9
9 10
8 9
----------
0 1
0 2
1 3
2 4
3 5
3 6
4 7
7 8
8 9
8 10
----------
0 1
0 2
2 3
3 4
1 5
2 6
6 7
7 8
3 9
9 10
4 5
8 9
----------
0 1
1 2
1 3
2 4
3 5
4 6
4 7
6 8
7 9
8 10
5 6
9 10
----------
0 1
1 2
2 3
3 4
0 5
0 6
6 7
7 8
5 9
9 10
10 11
10 12
10 13
7 14
14 15
14 16
14 17
18 19
20 21
18 22
22 23
20 24
25 26
26 27
27 28
25 29
3 30
21 31
26 32
24 33
32 34
25 35
28 36
4 5
8 9
21 22
23 24
28 29
18 30
32 33
----------
0 1
1 2
1 3
2 4
2 5
3 6
4 7
5 8
5 9
6 10
7 11
4 6
7 8
9 11
----------
0 1
0 5
1 2
2 3
2 10
3 4
3 6
4 5
5 7
7 8
7 9
10 11
11 12
12 13
12 17
13 14
14 15
15 16
15 22
16 18
16 17
18 19
18 20
18 21
22 23
23 24
24 25
24 29
25 26
25 30
26 27
27 28
27 34
28 29
30 31
30 32
30 33
34 35
35 36
36 37
36 44
37 38
38 39
39 40
39 43
40 41
40 42
43 44
44 45
----------
0 1
1 2
2 3
3 4
4 5
5 6
0 7
1 8
0 9
9 10
9 11
6 7
4 9
----------
0 1
1 2
2 3
2 4
4 5
4 6
6 7
0 8
1 8
----------
0 1
0 2
0 3
3 4
4 5
4 6
6 7
7 8
8 9
8 10
10 11
2 3
----------
0 1
0 2
0 3
1 4
1 5
2 6
2 7
3 8
3 9
----------
0 1
1 2
2 3
3 4
4 5
5 6
6 7
3 8
0 9
4 10
10 11
11 12
6 13
2 14
14 15
15 16
1 17
15 18
15 19
0 20
20 21
21 22
9 23
21 24
22 25
23 26
7 8
8 9
16 17
22 23
----------
0 1
1 2
1 3
3 4
0 5
----------
0 1
0 2
0 3
3 4
4 5
5 6
6 7
6 8
----------
0 1
1 2
1 3
1 4
3 5
4 6
5 7
7 8
7 9
6 7
----------
0 1
0 2
2 3
3 4
0 5
4 6
4 7
1 8
2 9
1 10
1 2
4 5
----------
0 1
0 2
2 3
3 4
3 5
5 6
0 7
5 8
8 9
9 10
10 11
8 12
12 13
10 14
14 15
6 7
11 12
----------
0 1
1 2
1 3
1 4
3 5
3 6
5 7
6 8
7 9
4 5
8 9
----------
0 1
1 2
2 3
3 4
4 5
0 6
6 7
7 8
8 9
8 10
0 11
4 6
----------
0 1
1 2
1 3
2 4
2 5
3 6
4 7
5 8
8 9
4 6
7 8
----------
0 1
1 2
2 3
3 4
0 5
5 6
6 7
7 8
4 9
7 10
1 11
11 12
12 13
0 14
12 15
12 16
13 17
14 18
19 20
20 21
21 22
22 23
19 24
20 25
23 26
22 27
17 28
29 30
30 31
31 32
30 33
32 34
29 35
18 36
36 37
31 38
31 39
32 40
35 41
21 42
21 43
28 44
4 5
8 9
13 14
22 24
23 25
20 28
33 34
32 35
30 36
----------
0 1
0 2
2 3
2 4
3 5
4 6
5 7
5 8
6 9
6 8
----------
0 1
0 2
0 3
1 4
3 5
3 6
5 7
5 8
6 9
6 10
8 10
----------
0 1
1 2
2 3
3 4
4 5
1 6
3 7
6 8
6 9
5 10
4 11
11 12
12 13
13 14
11 15
13 16
16 17
14 18
10 19
5 6
14 15
----------
0 1
0 2
1 3
2 4
3 5
4 6
4 7
5 8
5 9
----------
0 1
0 5
0 8
1 2
2 3
2 6
3 4
4 5
5 7
6 7
8 9
9 10
9 11
----------
0 1
0 2
0 3
1 4
1 5
1 6
2 7
2 8
2 9
----------
0 1
1 2
3 5
4 6
5 7
6 8
7 9
5 6
8 9
----------
0 1
1 2
1 3
2 4
2 5
3 6
4 7
5 8
4 6
7 8
----------
0 1
1 2
2 3
3 4
4 5
5 6
6 7
7 8
0 9
5 10
5 11
8 9
----------
0 1
1 2
1 3
2 4
2 5
3 6
4 7
5 8
7 9
3 4
8 9
----------
0 1
1 2
2 3
3 4
0 5
5 6
6 7
7 8
4 9
9 10
4 5
----------
0 1
1 2
2 3
3 4
0 5
0 6
1 7
3 8
4 9
9 10
10 11
11 12
9 13
12 14
14 15
15 16
11 17
17 18
18 19
19 20
19 21
21 22
22 23
23 24
24 25
25 26
26 27
27 28
28 29
29 30
30 31
31 32
4 5
12 13
----------
0 1
1 2
0 3
0 4
0 5
2 6
3 7
7 8
7 9
9 10
10 11
2 3
----------
1 2
2 3
5 6
6 7
3 4
7 8
----------
0 1
1 2
1 3
2 4
2 5
3 6
4 7
5 8
7 9
8 10
4 6
8 9
----------
0 1
1 2
1 3
2 4
2 5
3 6
4 7
4 8
5 9
6 7
8 9
----------
0 1
1 2
2 3
0 4
1 5
4 6
6 7
6 8
8 9
7 10
3 4
----------
0 1
1 2
2 3
3 4
4 5
0 6
5 7
7 8
8 9
9 10
6 11
7 12
4 13
13 14
2 15
1 16
16 17
17 18
18 19
18 20
5 6
9 11
12 13
----------
0 1
1 2
1 3
2 4
3 5
4 6
5 7
6 8
7 9
4 5
8 9
----------
0 1
0 2
2 3
2 4
3 5
4 6
5 7
7 8
8 9
6 7
----------
0 1
1 2
2 3
0 4
4 5
0 7
2 8
8 9
0 10
2 11
3 4
6 7
6 11
----------
0 1
0 2
0 3
0 4
1 5
3 6
3 7
4 8
4 9
5 10
5 11
10 12
11 13
12 14
12 15
14 16
16 17
16 18
17 19
18 20
18 21
19 22
19 23
23 24
23 25
24 26
24 27
25 28
26 29
26 30
27 31
6 7
8 9
13 15
28 31
----------
0 1
0 5
0 64
1 2
2 3
2 6
3 4
4 8
4 5
5 7
6 16
6 17
7 9
9 10
10 11
10 15
11 12
12 13
13 14
13 61
14 15
16 32
17 18
17 22
18 19
19 20
19 67
20 21
20 24
21 23
21 22
24 25
25 26
26 27
26 31
27 28
28 29
29 30
29 70
30 31
32 33
33 34
34 35
34 39
35 36
36 37
36 40
37 38
37 43
37 60
38 39
40 41
41 42
42 44
42 43
43 47
44 45
44 48
45 46
45 50
45 51
46 47
48 49
49 50
50 52
52 53
52 54
53 55
55 56
56 57
57 58
57 59
61 62
61 63
64 65
64 66
67 68
67 69
70 71
70 72
----------
0 1
1 2
2 3
3 4
0 5
5 6
6 7
7 8
8 9
3 10
2 11
4 5
----------
0 1
1 2
2 3
3 4
0 5
2 6
6 7
6 8
5 9
9 10
10 11
4 5
----------
0 1
1 2
1 3
3 4
4 5
4 6
6 7
7 8
8 9
9 10
10 11
7 12
10 13
11 14
14 15
15 16
16 17
17 18
17 19
17 20
11 12
----------
0 1
0 2
1 3
1 4
1 5
2 6
2 7
2 8
----------
0 1
0 2
1 3
1 4
1 5
2 6
6 7
7 8
----------
1 2
2 3
2 4
4 5
6 7
0 8
0 9
1 10
1 9
6 10
----------
0 1
1 2
2 3
3 4
0 5
0 6
6 7
5 8
2 9
9 10
4 5
----------
0 1
1 2
2 3
2 4
4 5
5 6
3 7
0 8
4 9
9 10
6 7
3 8
----------
0 1
1 2
1 3
2 4
3 5
3 6
4 7
4 8
7 9
8 10
9 11
6 7
10 11
----------
0 1
0 2
1 3
2 4
2 5
4 6
5 7
6 8
6 9
9 10
7 9
----------
0 1
0 2
1 3
1 4
1 5
2 6
2 7
----------
0 1
1 2
1 3
2 4
2 5
3 6
4 7
5 8
5 9
4 6
7 9
----------
0 1
1 2
1 3
0 5
5 6
0 7
7 8
8 9
9 10
9 11
4 5
----------
0 1
0 2
1 3
2 4
2 5
4 6
5 7
6 8
7 9
8 10
9 11
6 7
10 11
----------
0 1
1 2
2 3
3 4
0 5
4 6
6 7
7 8
8 9
0 10
4 5
----------
0 1
1 2
2 3
0 4
4 5
5 6
3 7
0 8
8 9
9 10
9 11
6 7
3 8
4 8
----------
0 1
1 2
2 3
0 4
4 5
5 6
0 7
7 8
3 9
3 4
6 7
----------
0 1
0 2
2 3
1 4
3 5
4 6
6 7
6 8
5 6
----------
0 1
0 2
1 3
1 4
2 5
2 6
5 7
6 8
7 9
9 10
8 9
----------
0 1
1 2
2 3
3 4
4 5
1 6
3 7
6 8
6 9
4 10
10 11
11 12
12 13
10 14
12 15
15 16
5 17
17 18
18 19
13 20
5 6
13 14
----------
0 1
1 2
0 3
2 4
2 5
4 6
6 7
3 4
----------
0 1
1 2
2 3
3 4
0 5
3 6
6 7
4 8
2 9
4 5
7 8
----------
1 3
3 4
4 5
0 6
0 7
8 9
2 10
8 11
10 12
11 13
12 14
14 15
3 16
15 17
17 18
18 19
18 20
18 21
7 22
5 6
4 7
9 10
12 13
11 16
----------
0 1
1 2
2 3
0 4
1 5
4 6
6 7
7 8
8 9
9 10
6 11
8 12
9 13
11 14
2 15
15 16
16 17
18 19
18 20
20 21
21 22
22 23
23 24
24 25
25 26
26 27
27 28
28 29
5 30
29 31
31 32
32 33
33 34
3 4
10 11
18 30
----------
0 1
0 3
0 4
3 5
3 6
1 7
2 8
1 9
8 10
10 11
2 3
2 7
9 10
----------
0 1
1 2
1 3
3 4
4 5
5 6
----------
0 1
1 2
2 3
3 4
4 5
0 6
1 7
7 8
8 9
2 10
6 11
11 12
0 13
5 14
4 15
15 16
4 17
17 18
18 19
19 20
20 21
17 22
5 6
9 10
12 13
21 22
----------
0 1
0 2
1 3
2 4
2 5
4 6
5 7
6 8
6 7
----------
0 1
0 2
0 3
0 4
1 5
1 6
4 7
4 8
7 9
7 10
8 11
8 12
9 13
10 14
13 15
14 16
16 17
16 18
17 19
18 20
18 21
20 22
21 23
22 24
9 12
14 15
23 24
----------
0 1
1 2
1 3
2 4
2 5
3 6
4 7
4 8
5 9
6 7
8 9
----------
0 1
1 2
2 3
3 4
0 5
2 6
6 7
4 8
8 9
4 5
----------
0 1
1 2
2 3
3 4
4 5
4 6
6 7
6 8
----------
0 1
1 2
2 3
0 4
4 5
2 6
3 7
7 8
7 9
3 4
----------
0 1
1 2
2 3
3 4
4 5
1 6
3 7
4 8
8 9
9 10
10 11
8 12
10 13
13 14
14 15
15 16
15 17
15 18
18 19
19 20
19 21
19 22
21 23
23 24
24 25
25 26
25 27
25 28
5 6
11 12
----------
0 1
1 2
2 3
2 4
4 5
4 6
6 7
7 8
8 9
9 10
10 11
7 12
10 13
11 14
14 15
14 16
16 17
17 18
17 19
0 20
1 21
3 22
11 12
3 20
----------
0 1
0 2
0 3
1 4
3 5
3 6
4 7
5 8
6 9
8 10
9 10
----------
0 1
0 2
1 3
1 4
1 5
2 6
6 7
7 8
----------
0 1
0 2
0 3
3 4
3 5
4 6
4 7
6 8
7 9
8 10
4 5
9 10
----------
0 1
0 2
1 3
2 4
3 5
3 6
4 7
7 8
8 9
9 10
9 11
----------
0 1
0 2
0 3
0 4
5 6
5 7
6 8
7 9
7 10
8 11
8 12
9 13
9 14
10 15
11 16
11 17
12 18
13 19
14 20
16 21
17 22
19 23
19 24
21 25
21 26
15 20
18 22
----------
0 1
1 2
1 3
1 4
4 5
3 6
----------
0 1
0 2
2 3
2 4
2 5
4 6
4 7
5 8
8 9
7 8
----------
0 1
0 2
1 3
1 4
1 5
2 6
2 7
----------
0 1
1 2
1 3
3 4
3 5
5 6
5 7
7 8
7 9
0 10
0 11
----------
0 1
1 2
2 3
3 4
0 5
2 6
4 7
1 8
5 9
9 10
10 11
11 12
9 13
12 14
14 15
15 16
11 17
17 18
18 19
19 20
19 21
21 22
22 23
23 24
24 25
25 26
26 27
27 28
28 29
29 30
30 31
31 32
32 33
4 5
12 13
----------
0 1
0 2
0 3
3 4
4 5
5 6
5 7
7 8
7 9
4 10
----------
0 1
1 2
1 3
0 4
2 5
3 6
6 7
3 8
7 9
----------
0 1
1 2
2 3
3 4
0 5
5 6
6 7
6 8
8 9
0 10
4 5
3 10
----------
0 1
1 2
2 3
3 4
0 5
1 6
6 7
7 8
8 9
6 10
9 11
4 5
9 10
----------
0 1
0 4
1 2
1 10
2 3
2 7
3 9
3 4
4 5
5 6
5 8
6 7
10 11
----------
0 1
0 2
1 3
2 4
2 5
4 6
4 7
5 8
7 8
----------
0 1
0 2
2 3
3 4
1 5
3 6
6 7
7 8
4 9
7 10
10 11
11 12
11 13
13 14
13 15
15 16
14 17
15 18
17 19
19 20
20 21
20 22
22 23
22 24
24 25
23 26
25 27
23 28
2 29
29 30
29 31
29 32
1 33
33 34
33 35
33 36
4 5
8 9
16 17
25 26
----------
0 1
1 2
1 3
2 4
2 5
3 6
4 7
5 8
7 9
4 6
8 9
----------
0 1
0 5
0 6
1 2
1 30
2 3
3 4
3 26
4 28
4 5
5 9
6 7
7 8
8 9
10 11
10 15
10 16
11 12
12 13
13 14
14 15
15 19
16 17
16 36
17 18
18 48
18 19
19 29
20 21
20 25
21 22
21 33
22 23
22 54
23 24
24 25
25 27
26 27
30 31
30 32
30 41
33 34
33 35
33 40
36 37
36 38
36 39
42 43
42 47
43 44
43 50
44 45
44 55
45 46
46 47
47 49
48 49
50 51
50 52
50 53
54 55
----------
0 1
1 2
2 3
0 4
4 5
1 6
6 7
7 8
7 9
9 10
3 4
----------
0 1
0 2
2 3
3 4
1 5
2 6
6 7
7 8
3 9
8 10
10 11
11 12
7 13
6 14
10 15
15 16
15 17
18 19
19 20
20 21
21 22
17 23
20 24
24 25
24 26
24 27
27 28
28 29
28 30
31 32
32 33
33 34
34 35
14 36
33 37
37 38
37 39
40 41
41 42
42 43
40 44
42 45
37 46
4 5
8 9
12 13
22 23
18 23
35 36
31 36
43 44
40 46
----------
0 1
1 2
1 3
2 4
2 5
3 6
3 7
4 8
4 9
5 10
7 11
9 12
11 13
13 14
14 15
15 16
16 17
16 18
7 8
10 12
----------
0 1
1 2
2 3
3 4
4 5
0 6
3 7
7 8
4 9
8 10
5 6
8 9
----------
0 1
1 2
1 3
2 4
3 5
4 6
6 7
5 6
----------
0 1
1 2
1 3
1 4
2 5
3 6
4 7
5 8
8 9
6 8
7 8
----------
0 1
1 2
2 3
0 4
0 5
1 6
6 7
2 8
3 10
3 11
3 4
7 8
9 10
----------
0 1
1 2
2 3
0 4
4 5
5 6
0 7
7 8
7 9
----------
0 1
0 2
0 3
2 4
2 5
3 6
3 7
6 8
7 9
8 10
10 11
4 5
9 10
----------
0 1
0 2
0 3
1 4
1 5
2 6
2 7
----------
0 1
1 2
2 3
0 4
3 5
5 6
4 7
4 8
3 9
1 10
6 11
3 4
6 7
----------
0 1
1 2
1 3
2 4
2 5
3 6
5 7
6 8
6 7
----------
0 1
0 2
1 3
2 4
2 5
4 6
4 7
5 8
7 8
----------
0 1
1 2
2 3
0 4
0 5
5 6
1 7
7 8
8 9
3 10
10 11
11 12
11 13
13 14
14 15
14 16
16 17
16 18
10 19
19 20
20 21
21 22
3 4
16 19
----------
0 1
1 2
2 3
3 4
0 5
5 6
6 7
7 8
8 9
4 10
7 11
4 5
9 10
----------
0 1
1 2
1 3
3 4
----------
0 1
0 2
0 3
1 4
2 5
4 6
6 7
6 8
----------
0 1
0 2
0 3
1 4
2 5
2 6
4 7
4 8
----------
0 1
1 2
2 3
3 4
4 5
5 6
6 7
6 8
----------
0 1
1 2
2 3
3 4
3 5
5 6
6 7
6 8
8 9
9 10
----------
0 1
1 2
1 3
3 4
4 5
0 6
6 7
6 8
4 6
----------
0 1
1 2
2 3
0 4
2 5
5 6
6 7
7 8
5 9
8 10
9 11
4 12
12 13
13 14
14 15
14 16
16 17
17 18
18 19
19 20
8 21
14 22
19 23
23 24
23 25
23 26
3 4
9 10
----------
0 1
1 2
2 3
3 4
0 5
0 6
6 7
6 8
1 9
9 10
10 11
4 5
----------
0 1
1 2
2 3
3 4
0 5
5 6
6 7
7 8
8 9
8 10
10 11
4 5
----------
0 1
1 2
2 3
3 4
0 5
2 6
6 7
3 8
0 9
4 10
4 5
7 8
----------
0 1
0 2
0 3
1 4
1 5
1 6
2 7
2 8
2 9
----------
0 1
0 2
0 3
----------
0 1
0 4
0 5
1 2
2 3
2 7
3 4
4 6
6 8
7 8
----------
0 1
0 2
1 3
2 4
2 5
2 6
3 7
7 8
7 9
----------
0 1
1 2
2 3
0 4
3 5
5 6
6 7
5 8
7 9
3 4
7 8
----------
0 1
1 2
1 3
2 4
2 5
3 6
4 7
4 8
5 9
8 10
6 7
9 10
----------
0 1
1 2
1 3
2 4
2 5
3 6
4 7
4 8
5 9
6 7
8 9
----------
0 1
1 2
2 3
3 4
0 5
0 6
6 7
7 8
5 9
8 10
10 11
10 12
2 13
3 14
14 15
15 16
16 17
16 18
18 19
19 20
18 21
21 22
17 23
24 25
25 26
26 27
27 28
24 29
24 30
30 31
31 32
29 33
32 34
34 35
34 36
26 37
27 38
38 39
39 40
40 41
40 42
42 43
43 44
42 45
22 46
41 47
10 48
34 49
4 5
8 9
22 23
28 29
32 33
45 46
46 47
----------
0 1
0 2
0 3
3 4
4 5
4 6
6 7
6 8
8 9
8 10
----------
0 1
0 2
2 3
3 4
4 5
0 6
6 7
5 8
5 9
2 10
2 11
5 6
----------
0 1
0 2
2 3
3 4
3 5
3 6
0 7
7 8
7 9
9 10
10 11
1 2
----------
0 1
1 2
1 3
1 4
3 5
3 6
4 7
4 8
6 9
8 10
6 8
----------
0 1
1 2
2 3
3 4
0 5
4 6
3 7
7 8
8 9
9 10
1 12
11 13
11 14
14 15
15 16
16 17
14 18
18 19
10 20
10 21
4 5
11 12
17 18
----------
0 1
1 2
2 3
3 4
0 5
2 6
3 10
4 5
7 10
----------
0 1
1 2
2 3
3 4
4 5
5 6
6 7
3 8
7 8
----------
0 1
0 2
2 3
2 4
3 5
4 6
5 7
6 7
----------
2 3
3 4
4 5
5 6
0 7
4 10
3 11
9 12
12 13
0 14
14 15
14 16
1 17
16 18
1 19
17 20
12 21
21 22
22 23
13 24
6 7
2 7
8 11
9 11
16 17
18 19
23 24
----------
0 1
1 2
1 3
2 4
3 5
4 5
----------
0 1
0 2
0 3
3 4
3 5
4 6
4 7
5 8
7 9
8 10
9 11
8 9
----------
0 1
0 2
0 3
3 4
4 5
5 6
1 7
7 8
6 9
6 10
5 7
----------
0 1
0 2
0 4
0 5
0 6
----------
0 1
1 2
2 3
0 4
2 5
2 6
3 7
7 8
4 9
8 10
9 11
3 4
5 6
8 9
----------
0 1
1 2
2 3
0 4
2 5
5 6
6 7
7 8
8 9
5 10
9 11
8 12
6 13
4 14
14 15
15 16
0 17
17 18
18 19
19 20
19 21
19 22
21 23
22 25
25 27
27 28
23 29
29 30
3 4
9 10
26 27
24 29
----------
0 1
0 2
0 3
1 4
2 5
2 6
3 7
3 8
5 6
7 8
----------
0 1
1 2
2 3
0 4
3 5
4 6
6 7
1 8
8 9
8 10
3 4
9 10
----------
0 1
1 2
1 3
1 4
3 5
4 6
5 7
5 6
----------
0 1
0 2
1 3
2 4
3 5
3 6
4 7
7 8
8 9
8 10
----------
0 1
1 2
2 3
3 4
0 5
3 6
6 7
4 8
8 9
8 10
8 11
11 12
12 13
13 14
14 15
11 16
0 17
4 5
15 16
----------
0 1
1 2
2 3
3 4
4 5
0 6
0 7
2 8
5 6
----------
0 1
1 2
2 3
3 4
3 6
4 7
0 8
0 9
2 10
5 6
4 9
5 10
----------
0 1
1 2
1 3
2 4
2 5
3 6
3 7
4 8
5 9
4 7
8 9
----------
0 1
1 2
2 3
3 4
0 5
4 6
6 7
7 8
8 9
1 10
10 11
4 5
----------
0 1
1 2
2 3
3 4
0 5
3 6
6 7
7 8
8 9
4 10
8 11
11 12
12 13
9 14
10 15
15 16
15 17
2 18
7 19
4 5
9 10
13 14
16 17
----------
0 1
1 2
2 3
0 4
1 5
5 6
5 7
7 8
8 9
9 10
9 11
3 4
----------
0 2
0 3
0 4
4 5
5 6
6 7
4 8
7 8
----------
0 1
0 2
0 3
----------
0 1
1 2
1 3
2 4
3 5
4 6
4 7
6 8
7 9
8 10
10 11
5 6
9 10
----------
0 1
1 2
2 3
3 4
0 5
2 6
5 7
4 8
8 9
9 10
9 11
4 5
----------
0 1
1 2
2 3
3 4
0 5
2 6
3 7
7 8
7 9
10 11
11 12
12 13
9 14
10 15
11 16
10 17
17 18
17 19
19 21
21 22
22 23
23 24
20 25
4 5
13 14
14 15
20 21
24 25
----------
0 1
0 2
2 3
2 4
3 5
4 6
5 7
7 8
6 7
----------
0 1
1 2
1 3
2 4
2 5
3 6
3 7
4 8
4 9
5 10
6 11
7 12
9 13
11 14
12 15
12 16
12 17
13 18
14 19
14 20
18 21
19 22
19 23
20 24
20 25
21 26
21 27
22 28
22 29
23 30
26 31
28 32
31 33
31 34
32 35
33 36
34 37
35 38
35 39
35 40
36 41
36 42
41 43
42 44
43 45
43 46
44 47
46 48
47 49
47 50
47 51
48 52
52 53
53 54
53 55
54 56
54 57
55 58
56 59
57 60
7 8
10 13
25 29
30 32
37 41
44 46
58 60
----------
0 1
1 2
1 3
2 4
3 5
4 6
5 7
6 8
7 8
----------
0 1
1 2
2 3
0 4
2 5
5 6
6 7
6 8
8 9
9 10
10 11
11 12
11 13
13 14
14 15
15 16
16 17
13 18
9 19
5 20
0 21
21 22
3 4
17 18
19 20
----------
0 1
1 2
2 3
2 4
4 5
5 6
3 7
0 8
4 9
6 7
3 8
----------
0 1
1 2
1 3
3 4
4 5
0 6
3 7
0 8
8 9
9 10
10 11
5 6
----------
0 1
2 3
2 4
4 5
4 6
5 7
5 8
6 9
8 9
----------
0 1
1 2
1 3
2 4
2 5
3 6
4 7
5 8
7 9
4 6
8 9
----------
0 1
0 2
0 3
1 4
2 5
3 6
4 7
5 8
6 9
----------
0 1
1 2
1 3
2 4
4 5
5 6
6 7
7 8
7 9
4 10
6 11
11 12
11 13
0 14
14 15
14 16
13 17
17 18
17 19
9 10
----------
0 1
0 2
0 3
3 4
1 5
5 6
5 7
4 8
3 9
3 10
4 5
----------
1 2
1 3
1 4
4 5
5 6
5 7
4 8
8 9
8 10
10 11
----------
0 1
1 2
2 3
3 4
4 5
0 6
1 7
3 8
5 9
9 10
4 11
5 6
----------
0 1
1 2
2 3
3 4
0 5
0 6
0 7
4 8
2 9
3 10
10 11
4 5
----------
0 1
0 2
2 3
2 4
3 5
3 6
4 7
6 8
6 9
7 9
----------
0 1
1 2
0 4
2 5
6 7
7 8
8 9
9 10
6 11
4 12
12 13
12 14
3 15
15 16
15 17
9 18
3 4
3 5
10 11
6 12
----------
0 1
1 2
1 3
3 4
4 5
3 6
6 7
6 8
0 9
9 10
10 11
----------
0 1
1 2
2 3
3 4
0 5
4 6
6 7
6 8
7 9
4 5
8 9
----------
0 1
0 2
2 3
3 4
0 5
4 6
6 7
7 8
3 9
2 10
9 11
11 12
10 13
13 14
12 15
16 17
16 18
8 19
15 20
4 5
8 9
12 13
16 20
----------
0 1
1 2
2 3
3 4
3 5
5 6
6 7
----------
0 1
0 2
0 3
0 4
1 5
----------
0 1
1 2
2 3
0 4
0 5
1 6
6 7
4 8
3 9
9 10
3 4
----------
0 1
0 2
1 3
1 4
2 5
2 6
5 7
6 8
7 9
9 10
9 11
7 8
----------
0 1
1 2
1 3
2 4
3 5
4 6
4 7
5 8
5 7
----------
0 1
1 2
2 3
0 4
3 5
5 6
3 7
7 8
4 9
4 5
8 9
----------
0 1
1 2
2 3
3 4
0 5
5 6
6 7
4 8
7 9
9 10
4 5
7 8
----------
0 1
1 2
1 3
2 4
3 5
4 6
4 5
----------
0 1
0 2
1 3
2 4
2 5
3 6
3 7
4 8
6 9
4 5
6 7
----------
0 1
1 2
1 3
2 4
2 5
3 6
3 7
4 8
5 9
8 10
4 7
9 10
----------
0 1
0 5
0 7
1 2
2 3
2 6
3 4
4 5
----------
0 1
1 2
0 3
0 4
0 5
3 6
3 7
2 8
1 9
2 3
----------
0 1
1 2
0 3
2 4
3 5
0 6
1 7
7 8
3 4
----------
0 1
0 2
1 5
5 6
3 7
3 8
1 2
4 7
6 7
----------
0 1
1 2
2 3
3 4
0 5
4 6
3 7
1 9
8 10
8 11
11 12
12 13
13 14
11 15
15 16
7 17
17 18
18 19
19 20
4 5
8 9
14 15
----------
0 1
0 2
2 3
3 4
1 5
6 7
7 8
8 9
9 10
6 11
2 12
12 13
12 14
9 15
15 16
15 17
0 18
18 19
4 5
10 11
10 12
----------
0 1
0 2
0 3
1 4
1 5
2 6
3 7
4 8
6 9
8 10
10 11
----------
0 1
1 2
2 3
3 4
0 5
2 6
6 7
4 8
0 9
3 10
4 5
7 10
----------
0 1
0 2
1 3
1 4
1 5
2 6
6 7
7 8
----------
0 1
1 2
2 3
3 4
0 5
0 6
5 7
7 8
8 9
9 10
3 11
4 5
----------
0 1
1 2
1 3
2 4
3 5
4 6
4 5
----------
0 1
0 2
0 3
1 4
3 5
3 6
5 7
5 8
6 9
8 9
----------
0 1
0 2
0 3
1 4
1 5
2 6
3 7
5 6
4 7
----------
0 1
1 2
2 3
0 4
1 5
5 6
5 7
7 8
3 4
----------
0 1
1 2
2 3
3 4
0 5
1 6
2 7
5 8
8 9
9 10
4 5
----------
0 1
1 2
2 3
3 4
3 5
5 6
0 7
0 8
1 9
6 10
5 7
----------
0 1
1 2
2 3
3 4
0 5
5 6
4 7
7 8
8 9
9 10
10 11
4 5
----------
0 1
0 2
0 3
0 4
1 5
----------
0 1
1 2
1 3
2 4
2 5
3 6
3 7
5 8
5 9
4 7
7 9
----------
0 1
0 2
0 3
1 4
3 5
3 6
4 7
4 8
5 9
6 10
7 11
8 12
9 13
9 14
10 15
11 16
13 17
13 18
16 19
17 20
19 21
19 22
20 23
20 24
21 25
22 26
23 27
24 28
27 29
29 30
30 31
30 32
31 33
32 34
10 14
12 16
25 26
28 29
33 34
----------
0 1
1 2
2 3
3 4
0 5
4 6
6 7
7 8
8 9
1 10
10 11
4 5
----------
0 1
1 2
2 3
3 4
0 5
5 6
6 7
4 8
1 9
2 10
4 5
7 8
----------
1 3
3 4
4 5
0 6
0 7
8 9
2 10
8 11
10 12
11 13
12 14
14 15
3 16
15 17
17 18
18 19
18 20
18 21
5 6
4 7
9 10
12 13
11 16
----------
0 1
1 2
3 4
5 6
0 7
2 8
3 7
5 8
----------
0 1
1 2
2 3
0 4
2 5
3 6
6 7
0 8
5 9
3 4
----------
0 1
0 2
0 3
3 4
3 5
4 6
4 7
5 8
6 9
6 10
7 11
9 12
9 13
11 14
11 15
13 16
14 17
15 18
17 19
8 10
13 14
18 19
----------
0 1
0 2
0 3
4 8
4 5
5 6
6 7
7 8
----------
0 1
1 2
2 3
3 4
0 5
3 6
2 7
7 8
7 9
9 10
5 11
4 5
----------
0 1
0 2
0 3
----------
0 1
1 2
2 3
2 4
3 6
4 7
0 8
4 9
0 10
5 6
3 8
5 9
----------
0 1
1 2
2 3
3 4
0 5
5 6
6 7
7 8
7 9
4 10
4 5
9 10
----------
0 1
0 2
2 3
2 4
3 5
4 6
5 6
----------
0 1
0 2
0 3
3 4
3 5
4 6
5 7
6 8
8 9
9 10
9 11
7 8
----------
0 1
1 2
2 3
0 4
4 5
5 6
5 7
3 8
8 9
8 10
3 4
----------
0 1
1 2
2 3
3 4
0 5
0 6
6 7
7 8
5 9
10 11
11 12
12 13
13 14
10 15
6 16
16 17
16 18
13 19
19 20
19 21
8 22
4 5
8 9
14 15
14 16
----------
0 1
1 2
2 3
0 4
1 5
5 6
6 7
7 8
8 9
5 10
8 11
10 12
7 13
3 14
14 15
15 16
4 17
17 18
18 19
19 20
19 21
21 22
22 23
23 24
24 25
25 26
26 27
27 28
28 29
29 30
30 31
31 32
3 4
9 10
----------
0 1
1 2
1 3
4 5
5 6
6 7
7 8
3 9
3 11
8 9
4 9
10 11
----------
0 1
1 2
1 3
1 4
3 5
4 6
5 7
5 6
----------
0 1
1 2
2 3
3 4
0 5
0 6
6 7
7 8
5 9
4 10
10 11
11 12
11 13
13 14
14 15
15 16
13 17
17 18
15 19
19 20
20 21
20 22
22 23
23 24
24 25
22 26
25 27
1 29
29 30
29 31
29 32
7 33
33 34
33 35
33 36
23 37
38 39
39 40
40 41
41 42
38 43
38 44
44 45
45 46
43 47
42 48
48 49
49 50
49 51
51 52
52 53
53 54
51 55
55 56
53 57
57 58
58 59
58 60
60 61
61 62
62 63
60 64
63 65
39 66
66 67
66 68
66 69
45 70
70 71
70 72
70 73
61 74
27 75
4 5
8 9
16 17
25 26
42 43
46 47
54 55
63 64
28 75
65 75
----------
0 1
0 2
2 3
2 4
3 5
3 6
4 7
4 8
6 9
6 8
----------
0 1
1 2
2 3
3 4
0 5
0 6
3 7
6 8
7 9
4 5
----------
0 1
1 2
2 3
3 4
0 5
3 6
2 7
7 8
9 10
10 11
11 12
12 13
9 14
12 15
15 16
15 17
7 18
15 19
19 20
20 21
20 22
6 23
23 24
23 25
25 26
26 27
27 28
28 29
4 5
13 14
9 18
----------
0 1
1 2
2 3
3 4
3 5
2 6
6 7
6 8
0 9
9 10
9 11
----------
0 1
----------
0 1
1 2
2 3
3 4
0 5
4 6
6 7
5 8
4 5
----------
0 1
1 2
1 3
2 4
2 5
3 6
3 7
5 7
----------
0 1
1 2
1 3
1 4
2 5
4 6
4 7
4 8
7 9
3 5
8 9
----------
0 1
1 2
2 3
3 4
4 5
1 6
2 7
7 8
8 9
8 10
4 11
----------
0 1
1 2
2 3
3 4
0 5
5 6
6 7
6 8
8 9
8 10
4 5
----------
0 1
0 2
0 3
0 4
1 5
1 6
2 7
2 8
3 9
3 10
----------
0 1
1 2
2 3
0 4
4 6
6 7
7 8
8 9
5 10
9 11
5 12
8 13
1 14
14 16
15 17
18 19
19 20
19 21
21 22
15 23
18 24
15 25
24 26
26 27
26 29
28 30
30 31
31 32
29 33
27 34
3 4
5 6
9 12
15 16
18 25
28 29
32 33
28 34
----------
0 1
1 2
2 3
0 4
5 6
4 7
7 8
8 9
5 10
11 12
11 13
11 14
2 15
6 16
10 17
17 18
18 19
18 20
20 21
21 22
22 23
23 24
24 25
25 26
26 27
27 28
28 29
29 30
30 31
31 32
32 33
33 34
11 35
3 4
6 7
9 10
14 15
----------
0 1
1 2
2 3
2 4
4 5
4 6
----------
0 1
1 2
1 3
3 4
4 5
5 6
6 7
6 8
5 9
9 10
9 11
----------
0 1
1 2
1 3
1 4
3 5
3 6
5 7
6 8
7 9
4 5
8 9
----------
0 1
1 2
2 3
3 4
4 5
5 6
0 7
2 8
4 9
9 10
10 11
6 7
----------
0 1
0 2
1 3
2 4
2 5
4 6
5 7
6 8
7 8
----------
0 1
0 2
0 3
1 4
2 5
3 6
----------
0 1
1 2
1 3
2 4
3 5
4 6
4 7
5 7
----------
0 1
1 2
2 3
3 4
0 5
5 6
6 7
6 8
8 9
8 10
4 5
----------
0 1
0 2
0 3
1 4
1 5
2 6
2 7
3 8
4 9
6 10
----------
0 1
1 2
2 3
3 4
0 5
0 6
5 7
4 8
2 9
7 10
4 5
----------
0 1
1 2
2 3
3 4
3 5
2 6
6 7
7 8
8 9
0 10
3 6
9 10
----------
0 1
0 2
0 3
3 4
3 5
4 6
4 7
4 8
5 9
9 10
8 9
----------
0 1
1 2
2 3
0 4
2 5
2 6
4 7
3 4
----------
0 1
2 3
2 5
4 6
1 7
0 8
4 5
6 7
3 8
----------
0 1
1 2
1 3
3 4
4 10
5 6
5 10
6 7
7 8
8 9
9 10
----------
0 1
1 2
1 3
2 4
4 5
0 6
6 7
7 8
8 9
----------
0 1
0 4
1 2
2 3
2 5
3 7
3 8
3 4
5 6
6 7
8 9
----------
0 5
5 6
1 7
6 8
6 9
8 10
6 7
----------
1 2
1 3
1 4
1 5
1 6
----------
0 1
0 2
1 3
1 4
2 5
2 6
4 7
4 8
5 9
6 10
7 11
8 12
9 13
11 14
13 15
14 16
15 17
15 18
16 19
17 20
18 21
19 22
22 23
22 24
23 25
25 26
25 27
26 28
27 29
28 30
30 31
31 32
31 33
32 34
33 35
10 13
12 14
20 21
29 30
34 35
----------
0 1
1 2
2 3
0 4
1 5
6 7
7 8
8 9
4 10
6 11
6 12
9 13
7 14
2 15
15 16
16 17
5 18
5 19
3 4
9 10
10 11
----------
0 1
1 2
1 3
2 4
3 5
4 5
----------
0 1
0 2
0 3
1 4
1 5
2 6
4 7
----------
0 1
0 2
0 3
----------
0 1
1 2
0 3
3 4
3 5
0 6
----------
0 1
0 2
0 3
1 4
1 5
2 6
3 7
5 8
4 6
7 8
----------
0 1
1 2
2 3
0 4
1 5
4 6
6 7
6 8
8 9
3 4
----------
0 1
1 2
0 3
0 4
1 5
2 6
3 7
2 8
4 9
8 10
8 11
2 3
4 5
5 6
6 7
4 7
----------
0 1
1 2
1 3
2 4
2 5
3 6
4 7
5 8
7 9
9 10
3 4
8 9
----------
0 1
0 2
2 3
2 4
3 5
3 6
4 7
6 7
----------
0 1
0 2
0 3
2 4
1 5
4 6
1 7
7 8
8 9
3 4
3 5
5 6
6 7
2 7
----------
0 1
1 2
0 4
2 5
0 6
4 7
4 8
1 9
2 10
3 4
3 5
3 9
----------
0 1
1 2
1 3
2 4
2 5
3 6
4 7
4 8
5 9
6 10
6 7
8 9
----------
0 1
1 2
2 3
0 4
0 5
5 6
3 7
7 8
8 9
9 10
10 11
10 12
12 13
8 14
7 15
15 16
12 17
1 18
16 19
3 4
12 15
----------
0 1
0 2
0 3
0 4
2 5
5 6
6 7
7 8
2 9
3 10
10 11
11 12
12 13
3 14
8 9
13 14
----------
0 1
1 2
2 3
3 4
3 5
5 6
1 7
7 8
6 9
9 10
9 11
6 7
----------
0 1
0 2
0 3
1 4
3 5
3 6
4 7
5 8
6 9
7 10
8 9
----------
0 1
1 2
2 3
0 4
2 5
5 6
6 7
7 8
8 9
9 10
6 11
3 4
10 11
----------
0 1
1 2
1 3
2 4
3 5
4 6
4 5
----------
0 1
1 2
2 3
3 4
0 5
4 6
3 7
7 8
8 9
1 10
10 11
9 12
11 13
11 14
14 15
15 16
15 17
9 18
9 19
4 5
----------
0 1
1 2
2 3
2 4
4 5
0 6
6 7
7 8
8 9
9 10
5 6
----------
0 1
1 2
2 3
3 4
1 5
4 6
6 7
6 8
8 9
5 10
8 11
4 5
9 10
----------
0 1
0 2
0 3
0 4
1 5
1 6
1 7
----------
0 1
1 2
2 3
0 4
1 5
5 6
3 4
----------
0 1
1 2
1 3
2 4
2 5
3 6
3 7
4 8
5 9
6 10
8 11
4 7
9 11
----------
0 1
1 2
2 3
0 4
4 5
3 6
6 7
1 8
8 9
9 10
3 4
----------
0 1
1 2
1 3
3 4
0 5
5 6
6 7
7 8
7 9
0 10
10 11
----------
0 1
0 2
0 3
1 4
1 5
2 6
4 7
4 8
6 9
6 10
----------
0 1
1 2
1 3
2 4
2 5
3 6
4 7
5 8
7 9
4 6
8 9
----------
0 1
1 2
2 3
3 4
0 5
1 6
2 7
4 8
5 9
9 10
10 11
11 12
9 13
12 14
14 15
15 16
11 17
17 18
18 19
19 20
19 21
21 22
22 23
23 24
24 25
25 26
26 27
27 28
28 29
29 30
30 31
31 32
32 33
4 5
12 13
----------
0 1
0 2
1 3
2 4
2 5
3 6
3 7
4 8
5 9
8 9
----------
0 1
1 2
2 3
3 4
0 5
3 6
6 7
7 8
4 9
5 10
4 5
8 9
----------
0 1
0 8
0 17
1 2
1 10
2 3
2 9
3 4
3 6
4 5
4 17
6 7
9 11
10 18
11 12
11 16
12 13
13 14
14 15
15 16
18 19
19 20
20 21
21 22
22 23
22 27
23 24
24 25
25 26
26 27
----------
0 1
0 2
1 3
2 4
2 5
4 6
4 7
5 8
7 8
----------
0 1
1 2
1 3
1 4
2 5
4 6
5 7
5 8
5 9
6 10
2 3
6 9
----------
0 1
1 2
2 3
3 4
0 5
6 7
7 8
3 9
6 10
0 11
5 12
2 13
7 14
14 15
15 16
6 17
17 18
4 5
8 9
9 10
----------
0 1
1 2
2 3
0 4
5 6
6 7
7 8
1 9
4 10
3 4
8 9
5 9
----------
1 2
0 3
3 4
0 5
4 6
2 7
4 8
2 3
5 6
----------
0 1
1 2
2 3
3 4
0 5
0 6
1 7
5 8
4 5
----------
0 1
1 2
0 4
5 6
6 7
7 8
1 9
3 10
2 11
2 12
4 13
6 14
14 15
15 16
7 17
17 18
18 19
19 20
19 21
21 22
22 23
23 24
24 25
25 26
26 27
27 28
28 29
29 30
30 31
31 32
3 4
8 9
5 9
3 12
----------
0 1
1 2
2 3
3 4
0 5
2 6
3 7
7 8
1 9
4 5
4 9
----------
0 1
0 2
0 3
1 4
2 5
2 6
4 7
7 8
7 9
----------
1 2
1 3
----------
0 1
1 2
2 3
3 4
4 5
5 6
6 7
7 8
7 9
9 10
10 11
----------
0 1
0 2
2 3
2 4
3 5
3 6
4 7
6 7
----------
0 1
1 2
2 3
3 4
0 5
3 6
6 7
4 8
0 9
9 10
4 5
7 8
----------
0 1
1 2
2 3
2 4
3 6
4 7
0 8
4 9
0 10
5 6
3 8
5 9
----------
0 1
1 2
1 3
2 4
3 5
4 6
5 7
6 8
4 5
7 8
----------
0 1
0 2
1 3
2 4
2 5
3 6
3 7
4 8
4 9
5 10
6 11
6 12
7 13
8 14
8 15
8 16
9 17
11 18
11 19
11 20
12 21
17 22
21 23
22 24
22 25
23 26
26 27
27 28
27 29
28 30
29 31
30 32
30 33
32 34
32 35
32 36
33 37
37 38
38 39
39 40
39 41
40 42
40 43
41 44
42 45
42 46
42 47
43 48
48 49
49 50
49 51
10 17
13 21
31 33
44 48
----------
0 1
1 2
2 3
0 4
4 5
5 6
6 7
7 8
6 9
9 10
3 4
----------
0 1
1 2
1 3
3 4
3 5
0 6
6 7
5 8
5 6
----------
0 1
1 2
1 3
2 4
2 5
3 6
4 7
4 8
5 9
7 10
6 8
7 9
----------
0 1
1 2
1 3
2 4
3 5
4 6
5 7
6 8
7 9
4 5
8 9
----------
0 1
0 2
0 3
1 4
1 5
2 6
3 7
4 8
5 9
7 10
6 8
9 10
----------
1 4
2 5
2 6
0 7
0 8
0 9
1 10
3 4
4 5
3 6
3 7
1 9
----------
0 1
1 2
1 3
2 4
2 5
3 6
3 7
4 8
4 9
5 10
6 11
7 12
9 13
11 14
12 15
12 16
12 17
13 18
14 19
14 20
18 21
19 22
19 23
20 24
21 25
23 26
25 27
25 28
26 29
27 30
27 31
28 32
29 33
29 34
29 35
31 36
36 37
37 38
38 39
38 40
40 41
40 42
41 43
42 44
43 45
45 46
7 8
10 13
24 26
32 36
44 45
----------
0 1
1 2
2 3
3 4
4 5
0 6
1 7
6 8
5 6
4 7
----------
0 1
0 2
1 3
1 4
1 5
2 6
----------
0 1
1 2
2 3
0 4
0 5
0 6
0 7
3 8
3 4
