7 3 1.000
11 3 1.000
11 7 1.000
15 3 1.000
15 7 1.000
15 11 1.000
19 3 1.000
19 7 1.000
19 11 1.000
19 15 1.000
23 3 1.000
23 7 1.000
23 11 1.000
23 15 1.000
23 19 1.000
27 3 1.000
27 7 1.000
27 11 1.000
27 15 1.000
27 19 1.000
27 23 1.000
31 3 1.000
31 7 1.000
31 11 1.000
31 15 1.000
31 19 1.000
31 23 1.000
31 27 1.000
35 3 1.000
35 7 1.000
35 11 1.000
35 15 1.000
35 19 1.000
35 23 1.000
35 27 1.000
35 31 1.000
39 3 1.000
39 7 1.000
39 11 1.000
39 15 1.000
39 19 1.000
39 23 1.000
39 27 1.000
39 31 1.000
39 35 1.000
43 3 1.000
43 7 1.000
43 11 1.000
43 15 1.000
43 19 1.000
43 23 1.000
43 27 1.000
43 31 1.000
43 35 1.000
43 39 1.000
1 3 0.833
1 7 0.833
1 11 0.833
1 15 0.833
1 19 0.833
1 23 0.833
1 27 0.833
1 31 0.833
1 35 0.833
1 39 0.833
1 43 0.833
5 3 0.833
5 7 0.833
5 11 0.833
5 15 0.833
5 19 0.833
5 23 0.833
5 27 0.833
5 31 0.833
5 35 0.833
5 39 0.833
5 43 0.833
5 1 1.000
8 4 1.000
9 3 0.833
9 7 0.833
9 11 0.833
9 15 0.833
9 19 0.833
9 23 0.833
9 27 0.833
9 31 0.833
9 35 0.833
9 39 0.833
9 43 0.833
9 1 1.000
9 5 1.000
12 4 1.000
12 8 1.000
13 3 0.833
13 7 0.833
13 11 0.833
13 15 0.833
13 19 0.833
13 23 0.833
13 27 0.833
13 31 0.833
13 35 0.833
13 39 0.833
13 43 0.833
13 1 1.000
13 5 1.000
13 9 1.000
16 4 1.000
16 8 1.000
16 12 1.000
17 3 0.833
17 7 0.833
17 11 0.833
17 15 0.833
17 19 0.833
17 23 0.833
17 27 0.833
17 31 0.833
17 35 0.833
17 39 0.833
17 43 0.833
17 1 1.000
17 5 1.000
17 9 1.000
17 13 1.000
20 4 1.000
20 8 1.000
20 12 1.000
20 16 1.000
21 3 0.833
21 7 0.833
21 11 0.833
21 15 0.833
21 19 0.833
21 23 0.833
21 27 0.833
21 31 0.833
21 35 0.833
21 39 0.833
21 43 0.833
21 1 1.000
21 5 1.000
21 9 1.000
21 13 1.000
21 17 1.000
24 4 1.000
24 8 1.000
24 12 1.000
24 16 1.000
24 20 1.000
25 3 0.833
25 7 0.833
25 11 0.833
25 15 0.833
25 19 0.833
25 23 0.833
25 27 0.833
25 31 0.833
25 35 0.833
25 39 0.833
25 43 0.833
25 1 1.000
25 5 1.000
25 9 1.000
25 13 1.000
25 17 1.000
25 21 1.000
28 4 1.000
28 8 1.000
28 12 1.000
28 16 1.000
28 20 1.000
28 24 1.000
29 3 0.833
29 7 0.833
29 11 0.833
29 15 0.833
29 19 0.833
29 23 0.833
29 27 0.833
29 31 0.833
29 35 0.833
29 39 0.833
29 43 0.833
29 1 1.000
29 5 1.000
29 9 1.000
29 13 1.000
29 17 1.000
29 21 1.000
29 25 1.000
32 4 1.000
32 8 1.000
32 12 1.000
32 16 1.000
32 20 1.000
32 24 1.000
32 28 1.000
33 3 0.833
33 7 0.833
33 11 0.833
33 15 0.833
33 19 0.833
33 23 0.833
33 27 0.833
33 31 0.833
33 35 0.833
33 39 0.833
33 43 0.833
33 1 1.000
33 5 1.000
33 9 1.000
33 13 1.000
33 17 1.000
33 21 1.000
33 25 1.000
33 29 1.000
36 4 1.000
36 8 1.000
36 12 1.000
36 16 1.000
36 20 1.000
36 24 1.000
36 28 1.000
36 32 1.000
37 3 0.833
37 7 0.833
37 11 0.833
37 15 0.833
37 19 0.833
37 23 0.833
37 27 0.833
37 31 0.833
37 35 0.833
37 39 0.833
37 43 0.833
37 1 1.000
37 5 1.000
37 9 1.000
37 13 1.000
37 17 1.000
37 21 1.000
37 25 1.000
37 29 1.000
37 33 1.000
40 4 1.000
40 8 1.000
40 12 1.000
40 16 1.000
40 20 1.000
40 24 1.000
40 28 1.000
40 32 1.000
40 36 1.000
41 3 0.833
41 7 0.833
41 11 0.833
41 15 0.833
41 19 0.833
41 23 0.833
41 27 0.833
41 31 0.833
41 35 0.833
41 39 0.833
41 43 0.833
41 1 1.000
41 5 1.000
41 9 1.000
41 13 1.000
41 17 1.000
41 21 1.000
41 25 1.000
41 29 1.000
41 33 1.000
41 37 1.000
44 4 1.000
44 8 1.000
44 12 1.000
44 16 1.000
44 20 1.000
44 24 1.000
44 28 1.000
44 32 1.000
44 36 1.000
44 40 1.000
2 1 0.824
2 5 0.824
2 9 0.824
2 13 0.824
2 17 0.824
2 21 0.824
2 25 0.824
2 29 0.824
2 33 0.824
2 37 0.824
2 41 0.824
6 1 0.824
6 5 0.824
6 9 0.824
6 13 0.824
6 17 0.824
6 21 0.824
6 25 0.824
6 29 0.824
6 33 0.824
6 37 0.824
6 41 0.824
6 2 1.000
10 1 0.824
10 5 0.824
10 9 0.824
10 13 0.824
10 17 0.824
10 21 0.824
10 25 0.824
10 29 0.824
10 33 0.824
10 37 0.824
10 41 0.824
10 2 1.000
10 6 1.000
14 1 0.824
14 5 0.824
14 9 0.824
14 13 0.824
14 17 0.824
14 21 0.824
14 25 0.824
14 29 0.824
14 33 0.824
14 37 0.824
14 41 0.824
14 2 1.000
14 6 1.000
14 10 1.000
18 1 0.824
18 5 0.824
18 9 0.824
18 13 0.824
18 17 0.824
18 21 0.824
18 25 0.824
18 29 0.824
18 33 0.824
18 37 0.824
18 41 0.824
18 2 1.000
18 6 1.000
18 10 1.000
18 14 1.000
22 1 0.824
22 5 0.824
22 9 0.824
22 13 0.824
22 17 0.824
22 21 0.824
22 25 0.824
22 29 0.824
22 33 0.824
22 37 0.824
22 41 0.824
22 2 1.000
22 6 1.000
22 10 1.000
22 14 1.000
22 18 1.000
26 1 0.824
26 5 0.824
26 9 0.824
26 13 0.824
26 17 0.824
26 21 0.824
26 25 0.824
26 29 0.824
26 33 0.824
26 37 0.824
26 41 0.824
26 2 1.000
26 6 1.000
26 10 1.000
26 14 1.000
26 18 1.000
26 22 1.000
30 1 0.824
30 5 0.824
30 9 0.824
30 13 0.824
30 17 0.824
30 21 0.824
30 25 0.824
30 29 0.824
30 33 0.824
30 37 0.824
30 41 0.824
30 2 1.000
30 6 1.000
30 10 1.000
30 14 1.000
30 18 1.000
30 22 1.000
30 26 1.000
34 1 0.824
34 5 0.824
34 9 0.824
34 13 0.824
34 17 0.824
34 21 0.824
34 25 0.824
34 29 0.824
34 33 0.824
34 37 0.824
34 41 0.824
34 2 1.000
34 6 1.000
34 10 1.000
34 14 1.000
34 18 1.000
34 22 1.000
34 26 1.000
34 30 1.000
38 1 0.824
38 5 0.824
38 9 0.824
38 13 0.824
38 17 0.824
38 21 0.824
38 25 0.824
38 29 0.824
38 33 0.824
38 37 0.824
38 41 0.824
38 2 1.000
38 6 1.000
38 10 1.000
38 14 1.000
38 18 1.000
38 22 1.000
38 26 1.000
38 30 1.000
38 34 1.000
42 1 0.824
42 5 0.824
42 9 0.824
42 13 0.824
42 17 0.824
42 21 0.824
42 25 0.824
42 29 0.824
42 33 0.824
42 37 0.824
42 41 0.824
42 2 1.000
42 6 1.000
42 10 1.000
42 14 1.000
42 18 1.000
42 22 1.000
42 26 1.000
42 30 1.000
42 34 1.000
42 38 1.000
